512  
1    

1    
  0.0100000000000000  -0.0000000000000000  -0.0000000000000000
  -0.1312130000    0.0000000000    0.0000000000
  -0.0040268100    0.0009897200    0.0009897200
  -0.0009826400    0.0002343800    0.0002343800
  -0.0003147200    0.0000524200    0.0000524200
  -0.0003546000    0.0000000000    0.0000000000
  -0.0003147200   -0.0000524200   -0.0000524200
  -0.0009826400   -0.0002343800   -0.0002343800
  -0.0040268100   -0.0009897200   -0.0009897200
   0.0017754700   -0.0010001300    0.0016943600
   0.0001502500   -0.0002464000    0.0000327800
   0.0000300800   -0.0000834300    0.0000071300
   0.0000021800   -0.0000469900   -0.0000102900
   0.0000021800    0.0000102900    0.0000469900
   0.0000300800   -0.0000071300    0.0000834300
   0.0001502500   -0.0000327800    0.0002464000
   0.0017754700   -0.0016943600    0.0010001300
   0.0000007700   -0.0002353300    0.0001057100
   0.0000038800   -0.0000620900    0.0000214500
  -0.0000081400   -0.0000446500    0.0000041000
  -0.0000030700   -0.0000122100    0.0000122100
  -0.0000081400   -0.0000041000    0.0000446500
   0.0000038800   -0.0000214500    0.0000620900
   0.0000007700   -0.0001057100    0.0002353300
  -0.0000193200   -0.0000332800    0.0000332800
   0.0000011500   -0.0000528400    0.0000368400
  -0.0000068300   -0.0000469200    0.0000064900
   0.0000019100   -0.0000124600    0.0000067200
   0.0000019100   -0.0000067200    0.0000124600
  -0.0000068300   -0.0000064900    0.0000469200
   0.0000011500   -0.0000368400    0.0000528400
  -0.0000064600   -0.0000215400    0.0000070900
  -0.0000064600   -0.0000070900    0.0000215400
   0.0000013100    0.0000000000    0.0000000000
  -0.0000075900   -0.0000102100   -0.0000065000
   0.0000005800    0.0000041200   -0.0000041200
  -0.0000075900    0.0000065000    0.0000102100
   0.0000013100    0.0000000000    0.0000000000
  -0.0000075900   -0.0000065000   -0.0000102100
   0.0000005800   -0.0000041200    0.0000041200
  -0.0000075900    0.0000102100    0.0000065000
   0.0000008400    0.0000519100    0.0000366300
  -0.0000062900   -0.0000462500   -0.0000019500
  -0.0000062900    0.0000019500    0.0000462500
   0.0000008400   -0.0000366300   -0.0000519100
  -0.0000067500    0.0000064200    0.0000471300
   0.0000018700   -0.0000067700    0.0000122100
   0.0000018700   -0.0000122100    0.0000067700
  -0.0000067500   -0.0000471300   -0.0000064200
  -0.0000009000    0.0002331000    0.0001046000
  -0.0000187500   -0.0001097100    0.0001097100
  -0.0000009000   -0.0001046000   -0.0002331000
   0.0000040500    0.0000019800    0.0000833900
  -0.0000081400    0.0000040300    0.0000446700
  -0.0000030200   -0.0000124600    0.0000124600
  -0.0000081400   -0.0000446700   -0.0000040300
   0.0000040500   -0.0000833900   -0.0000019800
   0.0017588600    0.0009906600    0.0016817000
   0.0017588600   -0.0016817000   -0.0009906600
   0.0001502400   -0.0001101200    0.0002472100
   0.0000298500   -0.0000463200    0.0000623900
   0.0000020800   -0.0000102700    0.0000470000
   0.0000020800   -0.0000470000    0.0000102700
   0.0000298500   -0.0000623900    0.0000463200
   0.0001502400   -0.0002472100    0.0001101200
   0.0017754700    0.0016943600   -0.0010001300
   0.0001502500    0.0000327800   -0.0002464000
   0.0000300800    0.0000071300   -0.0000834300
   0.0000021800   -0.0000102900   -0.0000469900
   0.0000021800    0.0000469900    0.0000102900
   0.0000300800    0.0000834300   -0.0000071300
   0.0001502500    0.0002464000   -0.0000327800
   0.0017754700    0.0010001300   -0.0016943600
  -0.0000187100    0.0001098000    0.0001098000
   0.0000258500   -0.0000020400   -0.0000020400
  -0.0000030000   -0.0000123900   -0.0000123900
  -0.0000030700    0.0000000000    0.0000000000
  -0.0000030000    0.0000123900    0.0000123900
   0.0000258500    0.0000020400    0.0000020400
  -0.0000187100   -0.0001098000   -0.0001098000
   0.0000381200    0.0000000000    0.0000000000
  -0.0000063300    0.0000464100   -0.0000021700
   0.0000019200   -0.0000121900   -0.0000066900
   0.0000016700   -0.0000035800   -0.0000002900
   0.0000016700    0.0000002900    0.0000035800
   0.0000019200    0.0000066900    0.0000121900
  -0.0000063300    0.0000021700   -0.0000464100
   0.0000082800    0.0000074400   -0.0000184300
   0.0000082800    0.0000184300   -0.0000074400
  -0.0000074700    0.0000103200   -0.0000064600
   0.0000054200   -0.0000000100    0.0000000200
   0.0000023700   -0.0000002300    0.0000002300
   0.0000054200   -0.0000000200    0.0000000100
  -0.0000074700    0.0000064600   -0.0000103200
   0.0000029900    0.0000000500   -0.0000090800
   0.0000033300    0.0000044000   -0.0000044000
   0.0000029900    0.0000090800   -0.0000000500
  -0.0000067500    0.0000471300    0.0000064200
   0.0000018700    0.0000122100   -0.0000067700
   0.0000018700    0.0000067700   -0.0000122100
  -0.0000067500   -0.0000064200   -0.0000471300
   0.0000008400    0.0000366300    0.0000519100
  -0.0000062900   -0.0000019500   -0.0000462500
  -0.0000062900    0.0000462500    0.0000019500
   0.0000008400   -0.0000519100   -0.0000366300
   0.0000044400    0.0000628000    0.0000215100
   0.0000256400    0.0000022700   -0.0000022700
   0.0000044400   -0.0000215100   -0.0000628000
   0.0000249100    0.0000000000    0.0000000000
   0.0000044400    0.0000215100    0.0000628000
   0.0000256400   -0.0000022700    0.0000022700
   0.0000044400   -0.0000628000   -0.0000215100
   0.0000249100    0.0000000000    0.0000000000
   0.0001503300    0.0002487900    0.0000340000
   0.0001503300   -0.0000340000   -0.0002487900
   0.0000635400    0.0000073600    0.0000060600
   0.0000350500   -0.0000043900    0.0000063800
   0.0000297700    0.0000071600    0.0000834200
   0.0000297700   -0.0000834200   -0.0000071600
   0.0000350500   -0.0000063800    0.0000043900
   0.0000635400   -0.0000060600   -0.0000073600
  -0.0040372000   -0.0010010800    0.0010010800
   0.0001940500    0.0000003700    0.0000000100
   0.0000643100   -0.0000183000   -0.0000062500
   0.0000249500   -0.0000090600   -0.0000000600
  -0.0003152200    0.0000523600   -0.0000523600
   0.0000249500    0.0000000600    0.0000090600
   0.0000643100    0.0000062500    0.0000183000
   0.0001940500   -0.0000000100   -0.0000003700
   0.0000007700    0.0001057100   -0.0002353300
   0.0000038800    0.0000214500   -0.0000620900
  -0.0000081400    0.0000041000   -0.0000446500
  -0.0000030700    0.0000122100   -0.0000122100
  -0.0000081400    0.0000446500   -0.0000041000
   0.0000038800    0.0000620900   -0.0000214500
   0.0000007700    0.0002353300   -0.0001057100
  -0.0000193200    0.0000332800   -0.0000332800
  -0.0000063300   -0.0000021700    0.0000464100
   0.0000019200   -0.0000066900   -0.0000121900
   0.0000016700   -0.0000002900   -0.0000035800
   0.0000016700    0.0000035800    0.0000002900
   0.0000019200    0.0000121900    0.0000066900
  -0.0000063300   -0.0000464100    0.0000021700
   0.0000082800   -0.0000184300    0.0000074400
   0.0000082800   -0.0000074400    0.0000184300
   0.0000006500   -0.0000040800   -0.0000040800
   0.0000023400    0.0000002500    0.0000002500
   0.0000026100    0.0000000000    0.0000000000
   0.0000023400   -0.0000002500   -0.0000002500
   0.0000006500    0.0000040800    0.0000040800
   0.0000033000   -0.0000043100   -0.0000043100
   0.0000068700    0.0000000000    0.0000000000
   0.0000033000    0.0000043100    0.0000043100
   0.0000019100    0.0000123600    0.0000066800
   0.0000016900    0.0000036200   -0.0000002400
   0.0000016900    0.0000002400   -0.0000036200
   0.0000019100   -0.0000066800   -0.0000123600
  -0.0000062300    0.0000214100    0.0000072100
   0.0000082800   -0.0000072000   -0.0000181900
   0.0000082800    0.0000181900    0.0000072000
  -0.0000062300   -0.0000072100   -0.0000214100
  -0.0000081400    0.0000446700    0.0000040300
  -0.0000030200    0.0000124600   -0.0000124600
  -0.0000081400   -0.0000040300   -0.0000446700
   0.0000040500   -0.0000019800   -0.0000833900
  -0.0000009000    0.0001046000    0.0002331000
  -0.0000187500    0.0001097100   -0.0001097100
  -0.0000009000   -0.0002331000   -0.0001046000
   0.0000040500    0.0000833900    0.0000019800
   0.0000297700    0.0000834200    0.0000071600
   0.0000297700   -0.0000071600   -0.0000834200
   0.0000350500    0.0000043900   -0.0000063800
   0.0000635400   -0.0000073600   -0.0000060600
   0.0001503300    0.0000340000    0.0002487900
   0.0001503300   -0.0002487900   -0.0000340000
   0.0000635400    0.0000060600    0.0000073600
   0.0000350500    0.0000063800   -0.0000043900
  -0.0009861100   -0.0002340600    0.0002340600
   0.0000643700    0.0000183200   -0.0000060100
   0.0000525200    0.0000000000    0.0000000000
   0.0000643700   -0.0000183200    0.0000060100
  -0.0009861100    0.0002340600   -0.0002340600
   0.0000643700   -0.0000060100    0.0000183200
   0.0000525200    0.0000000000    0.0000000000
   0.0000643700    0.0000060100   -0.0000183200
   0.0001503400    0.0001094200    0.0002480100
   0.0000632600   -0.0000072300    0.0000062000
   0.0000349800   -0.0000043500   -0.0000065400
   0.0000298800   -0.0000462600   -0.0000625100
   0.0000298800    0.0000625100    0.0000462600
   0.0000349800    0.0000065400    0.0000043500
   0.0000632600   -0.0000062000    0.0000072300
   0.0001503400   -0.0002480100   -0.0001094200
   0.0000011500    0.0000368400   -0.0000528400
  -0.0000068300    0.0000064900   -0.0000469200
   0.0000019100    0.0000067200   -0.0000124600
   0.0000019100    0.0000124600   -0.0000067200
  -0.0000068300    0.0000469200   -0.0000064900
   0.0000011500    0.0000528400   -0.0000368400
  -0.0000064600    0.0000070900   -0.0000215400
  -0.0000064600    0.0000215400   -0.0000070900
  -0.0000074700   -0.0000064600    0.0000103200
   0.0000054200    0.0000000200   -0.0000000100
   0.0000023700    0.0000002300   -0.0000002300
   0.0000054200    0.0000000100   -0.0000000200
  -0.0000074700   -0.0000103200    0.0000064600
   0.0000029900   -0.0000090800    0.0000000500
   0.0000033300   -0.0000044000    0.0000044000
   0.0000029900   -0.0000000500    0.0000090800
   0.0000019100    0.0000066800    0.0000123600
   0.0000016900   -0.0000002400    0.0000036200
   0.0000016900   -0.0000036200    0.0000002400
   0.0000019100   -0.0000123600   -0.0000066800
  -0.0000062300    0.0000072100    0.0000214100
   0.0000082800   -0.0000181900   -0.0000072000
   0.0000082800    0.0000072000    0.0000181900
  -0.0000062300   -0.0000214100   -0.0000072100
  -0.0000030100    0.0000122500    0.0000122500
  -0.0000030700    0.0000000000    0.0000000000
  -0.0000030100   -0.0000122500   -0.0000122500
   0.0000258200   -0.0000020900   -0.0000020900
  -0.0000180300    0.0000335800    0.0000335800
   0.0000381800    0.0000000000    0.0000000000
  -0.0000180300   -0.0000335800   -0.0000335800
   0.0000258200    0.0000020900    0.0000020900
   0.0000020800    0.0000470000   -0.0000102700
   0.0000020800    0.0000102700   -0.0000470000
   0.0000298500    0.0000463200   -0.0000623900
   0.0001502400    0.0001101200   -0.0002472100
   0.0017588600    0.0016817000    0.0009906600
   0.0017588600   -0.0009906600   -0.0016817000
   0.0001502400    0.0002472100   -0.0001101200
   0.0000298500    0.0000623900   -0.0000463200
  -0.0003152200   -0.0000523600    0.0000523600
   0.0000249500    0.0000090600    0.0000000600
   0.0000643100    0.0000183000    0.0000062500
   0.0001940500   -0.0000003700   -0.0000000100
  -0.0040372000    0.0010010800   -0.0010010800
   0.0001940500    0.0000000100    0.0000003700
   0.0000643100   -0.0000062500   -0.0000183000
   0.0000249500   -0.0000000600   -0.0000090600
   0.0000298800    0.0000462600    0.0000625100
   0.0000349800    0.0000043500    0.0000065400
   0.0000632600    0.0000072300   -0.0000062000
   0.0001503400   -0.0001094200   -0.0002480100
   0.0001503400    0.0002480100    0.0001094200
   0.0000632600    0.0000062000   -0.0000072300
   0.0000349800   -0.0000065400   -0.0000043500
   0.0000298800   -0.0000625100   -0.0000462600
   0.0000042300   -0.0000021500    0.0000835000
   0.0000247500    0.0000000000    0.0000000000
   0.0000042300    0.0000021500   -0.0000835000
   0.0000257400    0.0000022800   -0.0000022800
   0.0000042300    0.0000835000   -0.0000021500
   0.0000247500    0.0000000000    0.0000000000
   0.0000042300   -0.0000835000    0.0000021500
   0.0000257400   -0.0000022800    0.0000022800
   0.0318635700    0.0222656800    0.0222656800
   0.0318635700   -0.0222656800   -0.0222656800
   0.0017091800    0.0005300100    0.0005300100
   0.0005353000    0.0001056300    0.0001056300
   0.0002020500    0.0000041700    0.0000041700
   0.0002020500   -0.0000041700   -0.0000041700
   0.0005353000   -0.0001056300   -0.0001056300
   0.0017091800   -0.0005300100   -0.0005300100
   0.0321703300   -0.0228688900    0.0228688900
  -0.0003209500    0.0003458100   -0.0002692100
  -0.0000963200    0.0000938300   -0.0000970600
  -0.0000216600    0.0000315800   -0.0000333000
   0.0002021100   -0.0000040700    0.0000040700
  -0.0000216600    0.0000333000   -0.0000315800
  -0.0000963200    0.0000970600   -0.0000938300
  -0.0003209500    0.0002692100   -0.0003458100
   0.0001699500    0.0005316000    0.0002486400
   0.0000374800    0.0000930700   -0.0000177500
   0.0000098400    0.0000398900   -0.0000085400
   0.0000109400    0.0000561900   -0.0000028100
   0.0000109400    0.0000028100   -0.0000561900
   0.0000098400    0.0000085400   -0.0000398900
   0.0000374800    0.0000177500   -0.0000930700
   0.0001699500   -0.0002486400   -0.0005316000
   0.0000339600    0.0001060900   -0.0000066800
   0.0000055400    0.0000313100   -0.0000060500
  -0.0000084200    0.0000560300    0.0000166900
   0.0000161500    0.0000081400   -0.0000081400
  -0.0000084200   -0.0000166900   -0.0000560300
   0.0000055400    0.0000060500   -0.0000313100
   0.0000339600    0.0000066800   -0.0001060900
  -0.0000108800    0.0000314000   -0.0000314000
   0.0000149900    0.0000044800    0.0000019100
   0.0000149900   -0.0000044800   -0.0000019100
   0.0000055700    0.0000028000    0.0000167300
   0.0000055700   -0.0000167300   -0.0000028000
   0.0000149900    0.0000019100    0.0000044800
   0.0000149900   -0.0000019100   -0.0000044800
   0.0000055700    0.0000167300    0.0000028000
   0.0000055700   -0.0000028000   -0.0000167300
   0.0000148400   -0.0000037400    0.0000017300
  -0.0000108000    0.0000331500   -0.0000060600
   0.0000006000    0.0000086100   -0.0000086100
  -0.0000108000    0.0000060600   -0.0000331500
   0.0000148400   -0.0000017300    0.0000037400
  -0.0000074600    0.0000142400   -0.0000145500
   0.0000009200    0.0000099900   -0.0000099900
  -0.0000074600    0.0000145500   -0.0000142400
   0.0000332400   -0.0001047800   -0.0000074700
  -0.0000286700    0.0000967200   -0.0000178300
  -0.0000286700    0.0000178300   -0.0000967200
   0.0000332400    0.0000074700    0.0001047800
  -0.0000083800    0.0000167400   -0.0000561100
  -0.0000012800    0.0000099600   -0.0000172000
  -0.0000012800    0.0000172000   -0.0000099600
  -0.0000083800    0.0000561100   -0.0000167400
   0.0001647300   -0.0005293700    0.0002441200
  -0.0000722800    0.0002674400   -0.0002674400
   0.0001647300   -0.0002441200    0.0005293700
  -0.0000301900    0.0000313400   -0.0001688800
   0.0000110300   -0.0000028800   -0.0000560500
   0.0000035100    0.0000144600   -0.0000144600
   0.0000110300    0.0000560500    0.0000028800
  -0.0000301900    0.0001688800   -0.0000313400
   0.0321703300    0.0228688900   -0.0228688900
  -0.0003209500   -0.0002692100    0.0003458100
  -0.0000963200   -0.0000970600    0.0000938300
  -0.0000216600   -0.0000333000    0.0000315800
   0.0002021100    0.0000040700   -0.0000040700
  -0.0000216600   -0.0000315800    0.0000333000
  -0.0000963200   -0.0000938300    0.0000970600
  -0.0003209500   -0.0003458100    0.0002692100
  -0.0000728300   -0.0002668000   -0.0002668000
  -0.0000672100    0.0000045000    0.0000045000
  -0.0000186800    0.0000017900    0.0000017900
   0.0000034400    0.0000144900    0.0000144900
   0.0000034400   -0.0000144900   -0.0000144900
  -0.0000186800   -0.0000017900   -0.0000017900
  -0.0000672100   -0.0000045000   -0.0000045000
  -0.0000728300    0.0002668000    0.0002668000
  -0.0000290500   -0.0000973500   -0.0000174900
  -0.0000141800    0.0000017800    0.0000065200
  -0.0000013500    0.0000172400    0.0000099700
   0.0000025000    0.0000010200   -0.0000010200
  -0.0000013500   -0.0000099700   -0.0000172400
  -0.0000141800   -0.0000065200   -0.0000017800
  -0.0000290500    0.0000174900    0.0000973500
   0.0000026600   -0.0000138400    0.0000138400
  -0.0000109200   -0.0000333300   -0.0000059000
  -0.0000075000    0.0000144300    0.0000141600
  -0.0000007700    0.0000010100   -0.0000014000
  -0.0000007700    0.0000014000   -0.0000010100
  -0.0000075000   -0.0000141600   -0.0000144300
  -0.0000109200    0.0000059000    0.0000333300
  -0.0000029900   -0.0000020200    0.0000118300
  -0.0000029900   -0.0000118300    0.0000020200
   0.0000148400    0.0000037400   -0.0000017300
  -0.0000074600   -0.0000145500    0.0000142400
   0.0000009200   -0.0000099900    0.0000099900
  -0.0000074600   -0.0000142400    0.0000145500
   0.0000148400    0.0000017300   -0.0000037400
  -0.0000108000   -0.0000060600    0.0000331500
   0.0000006000   -0.0000086100    0.0000086100
  -0.0000108000   -0.0000331500    0.0000060600
   0.0000054800   -0.0000317200   -0.0000059100
  -0.0000142100   -0.0000019000    0.0000066000
  -0.0000142100   -0.0000066000    0.0000019000
   0.0000054800    0.0000059100    0.0000317200
   0.0000054800   -0.0000059100   -0.0000317200
  -0.0000142100    0.0000066000   -0.0000019000
  -0.0000142100    0.0000019000   -0.0000066000
   0.0000054800    0.0000317200    0.0000059100
   0.0000373100   -0.0000945900   -0.0000175500
  -0.0000672300   -0.0000048200    0.0000048200
   0.0000373100    0.0000175500    0.0000945900
  -0.0000267900   -0.0000020000   -0.0000016400
   0.0000097100   -0.0000086500   -0.0000399000
  -0.0000185800    0.0000018300   -0.0000018300
   0.0000097100    0.0000399000    0.0000086500
  -0.0000267900    0.0000016400    0.0000020000
  -0.0003157700   -0.0003500700   -0.0002650400
  -0.0003157700    0.0002650400    0.0003500700
  -0.0001072700   -0.0000138000    0.0000117000
  -0.0000386600   -0.0000118100   -0.0000016600
  -0.0000214000   -0.0000332000   -0.0000315000
  -0.0000214000    0.0000315000    0.0000332000
  -0.0000386600    0.0000016600    0.0000118100
  -0.0001072700   -0.0000117000    0.0000138000
   0.0001699500    0.0002486400    0.0005316000
   0.0000374800   -0.0000177500    0.0000930700
   0.0000098400   -0.0000085400    0.0000398900
   0.0000109400   -0.0000028100    0.0000561900
   0.0000109400   -0.0000561900    0.0000028100
   0.0000098400   -0.0000398900    0.0000085400
   0.0000374800   -0.0000930700    0.0000177500
   0.0001699500   -0.0005316000   -0.0002486400
  -0.0000290500   -0.0000174900   -0.0000973500
  -0.0000141800    0.0000065200    0.0000017800
  -0.0000013500    0.0000099700    0.0000172400
   0.0000025000   -0.0000010200    0.0000010200
  -0.0000013500   -0.0000172400   -0.0000099700
  -0.0000141800   -0.0000017800   -0.0000065200
  -0.0000290500    0.0000973500    0.0000174900
   0.0000026600    0.0000138400   -0.0000138400
   0.0000005800   -0.0000085200   -0.0000085200
   0.0000009100    0.0000099700    0.0000099700
  -0.0000020500    0.0000023500    0.0000023500
  -0.0000020500   -0.0000023500   -0.0000023500
   0.0000009100   -0.0000099700   -0.0000099700
   0.0000005800    0.0000085200    0.0000085200
   0.0000046200    0.0000045400    0.0000045400
   0.0000046200   -0.0000045400   -0.0000045400
   0.0000055800   -0.0000028700    0.0000167400
  -0.0000007200   -0.0000010200   -0.0000014500
  -0.0000020100   -0.0000023700    0.0000023700
  -0.0000007200    0.0000014500    0.0000010200
   0.0000055800   -0.0000167400    0.0000028700
  -0.0000028800    0.0000019600    0.0000116800
   0.0000046100   -0.0000046300    0.0000046300
  -0.0000028800   -0.0000116800   -0.0000019600
  -0.0000083800   -0.0000561100    0.0000167400
  -0.0000012800   -0.0000172000    0.0000099600
  -0.0000012800   -0.0000099600    0.0000172000
  -0.0000083800   -0.0000167400    0.0000561100
   0.0000332400   -0.0000074700   -0.0001047800
  -0.0000286700   -0.0000178300    0.0000967200
  -0.0000286700   -0.0000967200    0.0000178300
   0.0000332400    0.0001047800    0.0000074700
   0.0000097100   -0.0000399000   -0.0000086500
  -0.0000185800   -0.0000018300    0.0000018300
   0.0000097100    0.0000086500    0.0000399000
  -0.0000267900    0.0000020000    0.0000016400
   0.0000373100   -0.0000175500   -0.0000945900
  -0.0000672300    0.0000048200   -0.0000048200
   0.0000373100    0.0000945900    0.0000175500
  -0.0000267900   -0.0000016400   -0.0000020000
  -0.0000955500   -0.0000938400   -0.0000970600
  -0.0000955500    0.0000970600    0.0000938400
  -0.0000612200    0.0000046200   -0.0000020900
  -0.0000612200   -0.0000046200    0.0000020900
  -0.0000955500   -0.0000970600   -0.0000938400
  -0.0000955500    0.0000938400    0.0000970600
  -0.0000612200   -0.0000020900    0.0000046200
  -0.0000612200    0.0000020900   -0.0000046200
   0.0017173800   -0.0005308300    0.0005308300
  -0.0001071200    0.0000136600    0.0000112000
  -0.0000610800   -0.0000045500   -0.0000020500
  -0.0000386500   -0.0000117700    0.0000017600
   0.0005363300    0.0001052200   -0.0001052200
  -0.0000386500   -0.0000017600    0.0000117700
  -0.0000610800    0.0000020500    0.0000045500
  -0.0001071200   -0.0000112000   -0.0000136600
   0.0000339600   -0.0000066800    0.0001060900
   0.0000055400   -0.0000060500    0.0000313100
  -0.0000084200    0.0000166900    0.0000560300
   0.0000161500   -0.0000081400    0.0000081400
  -0.0000084200   -0.0000560300   -0.0000166900
   0.0000055400   -0.0000313100    0.0000060500
   0.0000339600   -0.0001060900    0.0000066800
  -0.0000108800   -0.0000314000    0.0000314000
  -0.0000109200   -0.0000059000   -0.0000333300
  -0.0000075000    0.0000141600    0.0000144300
  -0.0000007700   -0.0000014000    0.0000010100
  -0.0000007700   -0.0000010100    0.0000014000
  -0.0000075000   -0.0000144300   -0.0000141600
  -0.0000109200    0.0000333300    0.0000059000
  -0.0000029900    0.0000118300   -0.0000020200
  -0.0000029900    0.0000020200   -0.0000118300
   0.0000055800    0.0000167400   -0.0000028700
  -0.0000007200   -0.0000014500   -0.0000010200
  -0.0000020100    0.0000023700   -0.0000023700
  -0.0000007200    0.0000010200    0.0000014500
   0.0000055800    0.0000028700   -0.0000167400
  -0.0000028800    0.0000116800    0.0000019600
   0.0000046100    0.0000046300   -0.0000046300
  -0.0000028800   -0.0000019600   -0.0000116800
   0.0000162100   -0.0000081000   -0.0000081000
   0.0000025600   -0.0000010400   -0.0000010400
   0.0000025600    0.0000010400    0.0000010400
   0.0000162100    0.0000081000    0.0000081000
  -0.0000106400   -0.0000311400   -0.0000311400
   0.0000028600    0.0000135900    0.0000135900
   0.0000028600   -0.0000135900   -0.0000135900
  -0.0000106400    0.0000311400    0.0000311400
   0.0000110300   -0.0000560500   -0.0000028800
   0.0000035100   -0.0000144600    0.0000144600
   0.0000110300    0.0000028800    0.0000560500
  -0.0000301900   -0.0000313400    0.0001688800
   0.0001647300    0.0002441200   -0.0005293700
  -0.0000722800   -0.0002674400    0.0002674400
   0.0001647300    0.0005293700   -0.0002441200
  -0.0000301900   -0.0001688800    0.0000313400
  -0.0000214000   -0.0000315000   -0.0000332000
  -0.0000214000    0.0000332000    0.0000315000
  -0.0000386600    0.0000118100    0.0000016600
  -0.0001072700    0.0000138000   -0.0000117000
  -0.0003157700   -0.0002650400   -0.0003500700
  -0.0003157700    0.0003500700    0.0002650400
  -0.0001072700    0.0000117000   -0.0000138000
  -0.0000386600   -0.0000016600   -0.0000118100
   0.0005363300   -0.0001052200    0.0001052200
  -0.0000386500    0.0000117700   -0.0000017600
  -0.0000610800    0.0000045500    0.0000020500
  -0.0001071200   -0.0000136600   -0.0000112000
   0.0017173800    0.0005308300   -0.0005308300
  -0.0001071200    0.0000112000    0.0000136600
  -0.0000610800   -0.0000020500   -0.0000045500
  -0.0000386500    0.0000017600   -0.0000117700
  -0.0000301600   -0.0000312100   -0.0001686800
  -0.0000265800    0.0000019700   -0.0000017600
  -0.0000265800   -0.0000019700    0.0000017600
  -0.0000301600    0.0000312100    0.0001686800
  -0.0000301600   -0.0001686800   -0.0000312100
  -0.0000265800   -0.0000017600    0.0000019700
  -0.0000265800    0.0000017600   -0.0000019700
  -0.0000301600    0.0001686800    0.0000312100
