256  
8    

1    
  0.0072572975257168   0.0068797988795622   0.0000000000000000
  -0.0362736400   -0.0274889700   -0.0036696200
  -0.0054171300   -0.0024016000    0.0012982400
  -0.0079440000   -0.0000250600    0.0012679600
  -0.0054417600   -0.0023696100    0.0014850000
  -0.0134729700    0.0056311900    0.0007536100
  -0.0043062300    0.0025840500    0.0012918200
  -0.0079069000   -0.0001685800    0.0012857800
  -0.0076256800   -0.0009338500    0.0014594700
  -0.0088449700    0.0006962700    0.0013129700
  -0.0084121500    0.0006636400    0.0012745600
  -0.0078154700    0.0005894500    0.0013043400
  -0.0084162300    0.0006631600    0.0012061600
  -0.0106257700    0.0026346700    0.0010619300
  -0.0091624000    0.0006879400    0.0013488100
  -0.0078868600   -0.0001928800    0.0012547200
  -0.0058360300    0.0041610300    0.0012642200
  -0.0084388400   -0.0000422500    0.0012331100
  -0.0083545400   -0.0000356700    0.0012920000
  -0.0083232300    0.0000092800    0.0012940400
  -0.0083537300   -0.0000350500    0.0013071600
  -0.0084005100   -0.0000067500    0.0012748300
  -0.0083274700    0.0000301300    0.0012679000
  -0.0083320100   -0.0000137000    0.0012844200
  -0.0083916400   -0.0000380200    0.0012913800
  -0.0083682900    0.0000485300    0.0013026000
  -0.0083885400    0.0000356800    0.0012874800
  -0.0083507800    0.0000057600    0.0012805000
  -0.0083886900    0.0000354800    0.0013106100
  -0.0084252600    0.0000205100    0.0013241800
  -0.0084084700   -0.0000207600    0.0012729100
  -0.0083360900   -0.0000102100    0.0012969900
  -0.0083439800    0.0000468600    0.0013342100
   0.0075375400   -0.0002769200    0.0004967300
   0.0084939700   -0.0001343200    0.0014595300
   0.0084734700    0.0000148700    0.0012568200
   0.0085498500   -0.0000407300    0.0010402000
   0.0080988300    0.0001579200    0.0018172300
   0.0085497100    0.0000330200    0.0015469100
   0.0084801400   -0.0000018000    0.0012273400
   0.0082748000   -0.0001566400    0.0012423300
   0.0083603300    0.0001500100    0.0013371900
   0.0084362700    0.0001045700    0.0012974300
   0.0084095600    0.0000073200    0.0012499900
   0.0082565100    0.0000954000    0.0013353800
   0.0082705100    0.0001006300    0.0012082700
   0.0083539500   -0.0000312000    0.0012550700
   0.0084107800   -0.0000165600    0.0012689700
   0.0083669700    0.0001466800    0.0011139000
   0.0075496200   -0.0002709700    0.0000498900
   0.0084930000   -0.0001339800    0.0012185200
   0.0084730300    0.0000147600    0.0013692300
   0.0085465300   -0.0000413600    0.0018317100
   0.0082111900    0.0000381000    0.0009522000
   0.0084825700    0.0001035900    0.0012554300
   0.0084520600    0.0000272800    0.0014003300
   0.0081772600   -0.0000523700    0.0011598600
   0.0083601700    0.0001497900    0.0012446600
   0.0084357700    0.0001041400    0.0013359000
   0.0084093400    0.0000078600    0.0013672000
   0.0082566400    0.0000946500    0.0012588000
   0.0081591900    0.0002169100    0.0013798400
   0.0084210000   -0.0001016000    0.0013547400
   0.0084377900   -0.0000461600    0.0013811300
   0.0084637000    0.0000441400    0.0017152700
  -0.0072737000   -0.0003874500    0.0056921900
  -0.0080028900   -0.0000206000   -0.0010559300
  -0.0081267100   -0.0001502500   -0.0013444500
  -0.0080322900   -0.0012031000   -0.0016525400
  -0.0085416600    0.0005316100   -0.0009048200
  -0.0078828600    0.0002791800   -0.0007999800
  -0.0082925100   -0.0001560100   -0.0012969100
  -0.0086518100    0.0004205200   -0.0012746800
  -0.0084286600    0.0001892400   -0.0013485600
  -0.0084891300    0.0000507900   -0.0013550500
  -0.0080776700    0.0004818200   -0.0014659500
  -0.0083236600    0.0003000500   -0.0015315500
  -0.0089336200   -0.0002547000   -0.0018678000
  -0.0081339000   -0.0001463000   -0.0010944800
  -0.0080117100   -0.0000133700   -0.0014203700
  -0.0081531800    0.0005530600   -0.0057216400
  -0.0084152800    0.0000325900   -0.0015502200
  -0.0082752900   -0.0000173600   -0.0013386000
  -0.0083047900   -0.0000479300   -0.0012407400
  -0.0085290000   -0.0000885900   -0.0013624200
  -0.0083949900    0.0000969800   -0.0013672800
  -0.0082853600    0.0000596800   -0.0013136600
  -0.0083460300   -0.0000044400   -0.0012680400
  -0.0084374400    0.0000524500   -0.0013426600
  -0.0084308600    0.0000463100   -0.0012737200
  -0.0083482000   -0.0000021600   -0.0012942500
  -0.0082878900    0.0000613900   -0.0012261500
  -0.0083892400    0.0000903200   -0.0012519900
  -0.0084505900   -0.0001722000   -0.0013688100
  -0.0083215600   -0.0000310100   -0.0013020100
  -0.0082926700    0.0000000300   -0.0012482800
  -0.0083348400   -0.0000503400   -0.0009697100
   0.0082927600   -0.0000108200   -0.0011192900
   0.0084411700    0.0000134100   -0.0012882600
   0.0084124000    0.0000022700   -0.0013502400
   0.0083569200   -0.0000588500   -0.0013900400
   0.0083610600    0.0000411200   -0.0012338600
   0.0084232200    0.0000322900   -0.0013224500
   0.0083615200   -0.0000152700   -0.0012995000
   0.0083263500   -0.0000195500   -0.0012143000
   0.0083648700    0.0000450800   -0.0012839700
   0.0083826400   -0.0000106200   -0.0013054800
   0.0083659500   -0.0000105100   -0.0012851300
   0.0083929700    0.0000508100   -0.0013035200
   0.0082868600   -0.0000168200   -0.0012936600
   0.0083970900   -0.0000337200   -0.0012963800
   0.0084428100    0.0000341300   -0.0013064400
   0.0084215900    0.0000093000   -0.0013932200
   0.0098809500    0.0003834800   -0.0035540600
   0.0086504300   -0.0000306600   -0.0013219800
   0.0086090300   -0.0002015400   -0.0010456600
   0.0063108300   -0.0006441500   -0.0021004700
   0.0084948200    0.0005203500   -0.0016376300
   0.0086365900    0.0001877400   -0.0012818100
   0.0082372000    0.0000254600   -0.0011923200
   0.0080834600    0.0004152300   -0.0017287900
   0.0083323500    0.0003491100   -0.0013077800
   0.0084400100   -0.0000202600   -0.0012807600
   0.0086124100    0.0004244900   -0.0009596100
   0.0081479100    0.0004790400   -0.0012556200
   0.0086852900   -0.0008705800   -0.0011250400
   0.0085210400   -0.0001684400   -0.0012912300
   0.0085702300   -0.0002438700   -0.0009805900
   0.0088606500    0.0020472900    0.0037895500
  -0.0002098900    0.0018576100    0.0033844400
  -0.0020959900    0.0007414800    0.0025426200
  -0.0018157200    0.0000524300    0.0029452100
  -0.0020344400    0.0002847500    0.0031803300
  -0.0006486500   -0.0004973900    0.0024797300
  -0.0023213000   -0.0008154600    0.0021044600
  -0.0019031200    0.0000241700    0.0029477600
  -0.0019000100    0.0002390900    0.0030538100
  -0.0014811100   -0.0002852000    0.0029391100
  -0.0016338200   -0.0003283300    0.0029050500
  -0.0021383300   -0.0006004400    0.0029629900
  -0.0014406400   -0.0002793700    0.0029192000
  -0.0013745900   -0.0003739100    0.0031953500
  -0.0014445700   -0.0003863700    0.0030529700
  -0.0018984500    0.0001180200    0.0029335400
  -0.0022221100   -0.0005490600    0.0034335100
  -0.0014760600    0.0000906000    0.0030708200
  -0.0015781800    0.0000544600    0.0029454700
  -0.0016693700    0.0000227600    0.0029394700
  -0.0016453300    0.0000555500    0.0028612600
  -0.0014996500   -0.0000065100    0.0029862900
  -0.0016380400   -0.0000670000    0.0030420500
  -0.0016607300   -0.0000016400    0.0029361800
  -0.0015982700    0.0000282300    0.0029193500
  -0.0015716100   -0.0000606800    0.0029336200
  -0.0016079700   -0.0000575700    0.0029481800
  -0.0016613100   -0.0000334000    0.0029326700
  -0.0015987300   -0.0000337700    0.0029046000
  -0.0015483700   -0.0000193900    0.0028525400
  -0.0016287300    0.0000565900    0.0029527100
  -0.0016677000    0.0000140900    0.0029224800
  -0.0016785700   -0.0000577800    0.0028688800
   0.0015709800   -0.0000476500    0.0031459500
   0.0015509500    0.0000739700    0.0028050600
   0.0015704500    0.0000037500    0.0029235500
   0.0016664200    0.0000079100    0.0030501600
   0.0016412100    0.0000862900    0.0027613900
   0.0015544500   -0.0000385300    0.0028032300
   0.0015677100    0.0000242600    0.0029550900
   0.0016193300    0.0000198100    0.0029768900
   0.0016199200   -0.0000400400    0.0029099700
   0.0015914900   -0.0000254500    0.0029158700
   0.0015914000   -0.0000100600    0.0029690100
   0.0016436900   -0.0000423900    0.0028789900
   0.0016894300   -0.0000481900    0.0030113400
   0.0015980800    0.0000067800    0.0029465200
   0.0015884800   -0.0000094500    0.0028950900
   0.0016610800    0.0000275600    0.0029506700
   0.0022495700    0.0000577100    0.0036887300
   0.0012666800    0.0002880700    0.0030489600
   0.0014073400    0.0000988000    0.0028290100
   0.0023587100    0.0008904700    0.0027289800
   0.0016304600   -0.0002717800    0.0034394900
   0.0011651100   -0.0001958800    0.0031645900
   0.0013679400    0.0001106500    0.0028060000
   0.0018881600   -0.0001639700    0.0031100100
   0.0017059500   -0.0003011700    0.0029580100
   0.0015165700   -0.0000767800    0.0028709900
   0.0014201600   -0.0001690600    0.0028820500
   0.0018555100   -0.0003586200    0.0030042500
   0.0021955600   -0.0003541600    0.0029544400
   0.0016404500    0.0000177500    0.0027864300
   0.0014638300   -0.0000185800    0.0028206900
   0.0012298100   -0.0006095300    0.0022860400
   0.0173390700    0.0162545300   -0.0011520500
  -0.0020290400    0.0002745200   -0.0030528100
  -0.0020827200    0.0002654000   -0.0029191000
  -0.0017496300    0.0010819500   -0.0029061300
  -0.0014830100   -0.0011436100   -0.0030262300
  -0.0028505400   -0.0014292600   -0.0035699100
  -0.0018628900   -0.0000204600   -0.0029145300
  -0.0008424800   -0.0006083900   -0.0029511200
  -0.0012129100   -0.0004709700   -0.0027607900
  -0.0015583100   -0.0005218600   -0.0028261600
  -0.0025289400   -0.0007449900   -0.0028371100
  -0.0012020500   -0.0007454000   -0.0027771900
   0.0022637600    0.0011111300   -0.0023618700
  -0.0024135700    0.0007845000   -0.0032595500
  -0.0018609500    0.0000612600   -0.0029623600
  -0.0029440800   -0.0005185100   -0.0028989300
  -0.0015549900    0.0000270300   -0.0029643000
  -0.0016236800    0.0000033400   -0.0029239000
  -0.0016493800    0.0000248600   -0.0029683900
  -0.0015957800    0.0000036000   -0.0028816800
  -0.0015820000   -0.0000105300   -0.0029029900
  -0.0016285700   -0.0000319600   -0.0029035700
  -0.0016315800   -0.0000025600   -0.0029342800
  -0.0015665600   -0.0000212100   -0.0028930700
  -0.0015834200   -0.0000425300   -0.0029397500
  -0.0016222200   -0.0000090900   -0.0029233000
  -0.0016418600   -0.0000153300   -0.0029872800
  -0.0016141700   -0.0000252400   -0.0029559500
  -0.0015674400   -0.0000066200   -0.0028541600
  -0.0016387900    0.0000421900   -0.0029362900
  -0.0016481800   -0.0000009400   -0.0029581600
  -0.0016068200    0.0000371700   -0.0030157500
   0.0017209400    0.0002394300   -0.0033927500
   0.0014687000    0.0000136900   -0.0029225400
   0.0015147300    0.0001474400   -0.0028290200
   0.0016716200    0.0001873500   -0.0027150400
   0.0015171600   -0.0001179600   -0.0030103000
   0.0014762900   -0.0000270700   -0.0029433500
   0.0016261700    0.0000209200   -0.0029330800
   0.0017651900   -0.0001721300   -0.0030821800
   0.0016474200   -0.0000527300   -0.0029007700
   0.0016092700   -0.0000069000   -0.0029135700
   0.0015932300   -0.0000920700   -0.0029198800
   0.0016532500   -0.0001024900   -0.0028740400
   0.0016879100    0.0000382900   -0.0029631500
   0.0015235300    0.0000335800   -0.0029545800
   0.0016508900   -0.0000292300   -0.0029298200
   0.0018966000    0.0001216500   -0.0025820400
   0.0014725000   -0.0000869500   -0.0020212700
   0.0014919400    0.0000113600   -0.0028776700
   0.0015234400    0.0001560000   -0.0031189500
   0.0019240700   -0.0000779900   -0.0026344900
   0.0014601400   -0.0001092700   -0.0026804200
   0.0014931000   -0.0000373000   -0.0029569400
   0.0016667900   -0.0000720000   -0.0030222900
   0.0017017400   -0.0001121400   -0.0026460500
   0.0016596500   -0.0000602800   -0.0029282500
   0.0015756600   -0.0000097400   -0.0029487800
   0.0015366300   -0.0001534000   -0.0032501700
   0.0017101600   -0.0001022400   -0.0029437500
   0.0014539400    0.0001495600   -0.0029637600
   0.0015181100    0.0000601200   -0.0029068300
   0.0016012100    0.0000172800   -0.0030231600
   0.0019309800    0.0002313500   -0.0045282200

1    
 -0.0072572975257168  -0.0068797988795622   0.0000000000000000
   0.0186749300    0.0265320400    0.0061217400
  -0.0113132400    0.0023901100    0.0012895000
  -0.0088052500    0.0000272400    0.0013176600
  -0.0113383100    0.0024223100    0.0011000600
  -0.0032946400   -0.0055954700    0.0018272200
  -0.0124640700   -0.0025984500    0.0012890900
  -0.0088427500    0.0001721900    0.0012994000
  -0.0091164900    0.0009163100    0.0011253000
  -0.0078952200   -0.0006971200    0.0012714100
  -0.0083282900   -0.0006654200    0.0013108200
  -0.0089389100   -0.0005988600    0.0012810700
  -0.0083343800   -0.0006658500    0.0013777900
  -0.0060773600   -0.0026502500    0.0015245600
  -0.0076115100   -0.0006696000    0.0012361900
  -0.0088639700    0.0001924600    0.0013295700
  -0.0109526300   -0.0042296500    0.0013174600
  -0.0083068100    0.0000425700    0.0013499200
  -0.0083905800    0.0000351300    0.0012936100
  -0.0084221700   -0.0000093900    0.0012900200
  -0.0083910800    0.0000356100    0.0012756800
  -0.0083442100    0.0000060700    0.0013092300
  -0.0084178000   -0.0000295500    0.0013160600
  -0.0084125300    0.0000139600    0.0013002400
  -0.0083530100    0.0000373300    0.0012923300
  -0.0083761100   -0.0000485100    0.0012809700
  -0.0083566000   -0.0000353500    0.0012966300
  -0.0083945700   -0.0000056700    0.0013042400
  -0.0083564700   -0.0000353900    0.0012722000
  -0.0083191500   -0.0000199900    0.0012578900
  -0.0083371000    0.0000205700    0.0013112800
  -0.0084095800    0.0000101000    0.0012874700
  -0.0084011200   -0.0000468100    0.0012484900
   0.0091812000    0.0002735000    0.0020656900
   0.0082424800    0.0001325000    0.0011250000
   0.0082632600   -0.0000147300    0.0013276700
   0.0081936600    0.0000448800    0.0015429600
   0.0086341500   -0.0001578900    0.0007713300
   0.0081866800   -0.0000323600    0.0010365800
   0.0082570400    0.0000031000    0.0013572300
   0.0084626100    0.0001546700    0.0013400600
   0.0083776900   -0.0001497800    0.0012470000
   0.0083000100   -0.0001039600    0.0012863400
   0.0083271200   -0.0000086600    0.0013336000
   0.0084802600   -0.0000957000    0.0012492700
   0.0084672600   -0.0000988900    0.0013759200
   0.0083816500    0.0000318000    0.0013273600
   0.0083246100    0.0000169000    0.0013155700
   0.0083716600   -0.0001484900    0.0014735300
   0.0091938300    0.0002790100    0.0025368800
   0.0082419400    0.0001325300    0.0013646900
   0.0082625300   -0.0000152500    0.0012125600
   0.0081907000    0.0000435400    0.0007446500
   0.0085229100   -0.0000404900    0.0016320100
   0.0082543800   -0.0001031200    0.0013287500
   0.0082837000   -0.0000262000    0.0011845800
   0.0085611800    0.0000529900    0.0014276800
   0.0083774700   -0.0001502800    0.0013399500
   0.0083000900   -0.0001046500    0.0012490400
   0.0083269600   -0.0000084800    0.0012172800
   0.0084808400   -0.0000964200    0.0013242700
   0.0085802600   -0.0002187600    0.0012052100
   0.0083146400    0.0001032300    0.0012295000
   0.0082966500    0.0000462900    0.0012003100
   0.0082727400   -0.0000446800    0.0008641400
  -0.0094477900    0.0003905800   -0.0082510500
  -0.0087357600    0.0000229600   -0.0015306300
  -0.0086116200    0.0001551800   -0.0012390400
  -0.0086870500    0.0011769400   -0.0009344700
  -0.0081898000   -0.0005345000   -0.0016786200
  -0.0088605700   -0.0002816600   -0.0017896400
  -0.0084447500    0.0001527900   -0.0012873400
  -0.0080871300   -0.0004200000   -0.0013075900
  -0.0083023300   -0.0001866600   -0.0012348900
  -0.0082519100   -0.0000510800   -0.0012315200
  -0.0086652900   -0.0004895900   -0.0011150500
  -0.0084126300   -0.0003014800   -0.0010464000
  -0.0078180300    0.0002586700   -0.0007459400
  -0.0086028500    0.0001446400   -0.0014903500
  -0.0087302000    0.0000154300   -0.0011611100
  -0.0085568400   -0.0005357900    0.0032004500
  -0.0083224700   -0.0000344600   -0.0010345500
  -0.0084610900    0.0000170600   -0.0012474600
  -0.0084320100    0.0000485300   -0.0013456900
  -0.0082049800    0.0000888100   -0.0012208100
  -0.0083412600   -0.0000963000   -0.0012171900
  -0.0084517700   -0.0000594800   -0.0012711400
  -0.0083908700    0.0000040900   -0.0013170100
  -0.0082991400   -0.0000524500   -0.0012416700
  -0.0083049800   -0.0000464500   -0.0013111600
  -0.0083900400    0.0000027200   -0.0012906800
  -0.0084513300   -0.0000618500   -0.0013593700
  -0.0083464500   -0.0000910800   -0.0013326200
  -0.0082862400    0.0001735500   -0.0012137800
  -0.0084156300    0.0000304900   -0.0012834900
  -0.0084457100    0.0000001400   -0.0013373800
  -0.0084019700    0.0000512900   -0.0016184000
   0.0084498000    0.0000102000   -0.0014638600
   0.0083036900   -0.0000127400   -0.0012966100
   0.0083334400   -0.0000017300   -0.0012341800
   0.0083898300    0.0000590500   -0.0011965100
   0.0083837400   -0.0000414400   -0.0013512600
   0.0083222300   -0.0000320900   -0.0012626500
   0.0083838000    0.0000148500   -0.0012856500
   0.0084179300    0.0000189700   -0.0013704700
   0.0083803000   -0.0000447600   -0.0013009700
   0.0083620400    0.0000105600   -0.0012785600
   0.0083797400    0.0000104500   -0.0012976400
   0.0083517600   -0.0000505900   -0.0012818100
   0.0084561600    0.0000175300   -0.0012922900
   0.0083474200    0.0000331100   -0.0012878400
   0.0083024200   -0.0000341400   -0.0012771000
   0.0083247400   -0.0000089300   -0.0011936000
   0.0068744000   -0.0003795700    0.0009528000
   0.0080938200    0.0000322600   -0.0012618600
   0.0081353900    0.0002085400   -0.0015400300
   0.0104496300    0.0006191900   -0.0004424300
   0.0082531800   -0.0005222200   -0.0009438300
   0.0081082200   -0.0001868600   -0.0013020700
   0.0085122600   -0.0000299500   -0.0013891400
   0.0086598600   -0.0004173100   -0.0008578400
   0.0084149300   -0.0003494300   -0.0012740500
   0.0083041200    0.0000201400   -0.0013028100
   0.0081279200   -0.0004307100   -0.0016284200
   0.0086014400   -0.0004818800   -0.0013294100
   0.0080556500    0.0008725400   -0.0014526900
   0.0082230500    0.0001663000   -0.0012918000
   0.0081711400    0.0002449900   -0.0016082900
   0.0078987400   -0.0020722800   -0.0064540600
  -0.0030075700   -0.0018470700    0.0024445400
  -0.0011264500   -0.0007359600    0.0033199500
  -0.0014020900   -0.0000538000    0.0029196400
  -0.0011793800   -0.0002913500    0.0026810100
  -0.0025653000    0.0004953300    0.0033811900
  -0.0008895700    0.0008281400    0.0037694900
  -0.0013126600   -0.0000271400    0.0029169900
  -0.0013263200   -0.0002333400    0.0028143400
  -0.0017413800    0.0002866000    0.0029263600
  -0.0015871100    0.0003302900    0.0029616500
  -0.0010722100    0.0006085500    0.0029026900
  -0.0017772200    0.0002812000    0.0029454500
  -0.0018526200    0.0003763600    0.0026685400
  -0.0017671300    0.0003769000    0.0028183200
  -0.0013187000   -0.0001148200    0.0029313900
  -0.0009870100    0.0005578400    0.0024230600
  -0.0017453400   -0.0000914700    0.0027927300
  -0.0016422400   -0.0000551900    0.0029199600
  -0.0015500900   -0.0000233700    0.0029259200
  -0.0015745800   -0.0000566000    0.0030055300
  -0.0017213900    0.0000062800    0.0028791000
  -0.0015817300    0.0000680800    0.0028225300
  -0.0015593500    0.0000016800    0.0029292600
  -0.0016230900   -0.0000282200    0.0029460200
  -0.0016492600    0.0000613800    0.0029324500
  -0.0016132900    0.0000579500    0.0029169900
  -0.0015590700    0.0000338100    0.0029325000
  -0.0016217600    0.0000345200    0.0029608700
  -0.0016729300    0.0000196100    0.0030147800
  -0.0015913600   -0.0000572800    0.0029121400
  -0.0015521500   -0.0000138400    0.0029425200
  -0.0015411300    0.0000583500    0.0029975600
   0.0016489500    0.0000462900    0.0027258600
   0.0016699700   -0.0000735300    0.0030601300
   0.0016504500   -0.0000044300    0.0029420400
   0.0015536900   -0.0000081700    0.0028152100
   0.0015796800   -0.0000850800    0.0031025800
   0.0016662500    0.0000383700    0.0030629900
   0.0016532100   -0.0000244200    0.0029103400
   0.0016008300   -0.0000186200    0.0028900500
   0.0015999000    0.0000402100    0.0029555100
   0.0016296800    0.0000255400    0.0029500200
   0.0016297600    0.0000107600    0.0028969600
   0.0015766400    0.0000424300    0.0029859300
   0.0015306400    0.0000481100    0.0028542400
   0.0016229300   -0.0000071600    0.0029209200
   0.0016324000    0.0000094800    0.0029709800
   0.0015580100   -0.0000290000    0.0029138500
   0.0009670800   -0.0000649200    0.0021577200
   0.0019521000   -0.0002863100    0.0028191800
   0.0018159500   -0.0001015000    0.0030389500
   0.0008697700   -0.0008910500    0.0031492100
   0.0015932500    0.0002709400    0.0024317700
   0.0020565700    0.0001947800    0.0026987900
   0.0018534800   -0.0001122800    0.0030593800
   0.0013204800    0.0001744300    0.0027523500
   0.0015111300    0.0003029100    0.0029063200
   0.0017050200    0.0000774600    0.0029952200
   0.0018008400    0.0001739200    0.0029833000
   0.0013656600    0.0003611400    0.0028621600
   0.0010177900    0.0003594800    0.0029110600
   0.0015821800   -0.0000175400    0.0030772100
   0.0017597700    0.0000200300    0.0030489600
   0.0019929600    0.0006159000    0.0035881000
  -0.0196213300   -0.0152536500   -0.0045171700
  -0.0011858700   -0.0002782700   -0.0028113300
  -0.0011314600   -0.0002713100   -0.0029470500
  -0.0014754400   -0.0010807200   -0.0029715100
  -0.0017398200    0.0011481500   -0.0028406800
  -0.0003590100    0.0014399000   -0.0022873900
  -0.0013590900    0.0000243600   -0.0029509700
  -0.0023709800    0.0006030700   -0.0029150000
  -0.0020129100    0.0004684200   -0.0031081100
  -0.0016542700    0.0005161900   -0.0030354800
  -0.0006759900    0.0007586100   -0.0030312300
  -0.0020259300    0.0007527800   -0.0030922500
  -0.0055241700   -0.0010802500   -0.0035034100
  -0.0008089400   -0.0007778400   -0.0026074300
  -0.0013562500   -0.0000625100   -0.0029035700
  -0.0003381100    0.0004501600   -0.0029573500
  -0.0016664800   -0.0000279500   -0.0029036500
  -0.0015965100   -0.0000031500   -0.0029415300
  -0.0015710100   -0.0000255800   -0.0028967300
  -0.0016255500   -0.0000038000   -0.0029848000
  -0.0016390800    0.0000115100   -0.0029625700
  -0.0015920400    0.0000322900   -0.0029620400
  -0.0015891000    0.0000027900   -0.0029316100
  -0.0016542000    0.0000215000   -0.0029730300
  -0.0016380600    0.0000425100   -0.0029256600
  -0.0015979400    0.0000089000   -0.0029420300
  -0.0015783500    0.0000160100   -0.0028774000
  -0.0016067600    0.0000255000   -0.0029100400
  -0.0016535200    0.0000061300   -0.0030118800
  -0.0015813700   -0.0000425200   -0.0029292800
  -0.0015719900    0.0000005900   -0.0029070600
  -0.0016143800   -0.0000377500   -0.0028488400
   0.0014987800   -0.0002381000   -0.0024785000
   0.0017523100   -0.0000144100   -0.0029430400
   0.0017049500   -0.0001479800   -0.0030364000
   0.0015483000   -0.0001853000   -0.0031452400
   0.0017024200    0.0001173700   -0.0028550500
   0.0017451900    0.0000275100   -0.0029209200
   0.0015942000   -0.0000196400   -0.0029322100
   0.0014559500    0.0001713400   -0.0027845500
   0.0015722200    0.0000524700   -0.0029642900
   0.0016121700    0.0000073600   -0.0029523500
   0.0016285900    0.0000936100   -0.0029473200
   0.0015651600    0.0001022500   -0.0029915900
   0.0015334800   -0.0000387600   -0.0029009100
   0.0016976000   -0.0000337400   -0.0029120500
   0.0015668200    0.0000267800   -0.0029354500
   0.0013229400   -0.0001221200   -0.0032818200
   0.0017486600    0.0000873400   -0.0038391200
   0.0017293800   -0.0000124800   -0.0029875100
   0.0016976600   -0.0001578200   -0.0027446900
   0.0012995000    0.0000731700   -0.0032480800
   0.0017608000    0.0001092800   -0.0031861800
   0.0017279700    0.0000376200   -0.0029082100
   0.0015528300    0.0000731600   -0.0028448200
   0.0015187800    0.0001129500   -0.0032166900
   0.0015599700    0.0000610300   -0.0029379700
   0.0016459300    0.0000106900   -0.0029169900
   0.0016853000    0.0001557300   -0.0026103500
   0.0015086000    0.0001035400   -0.0029206200
   0.0017682600   -0.0001524900   -0.0029044400
   0.0017032600   -0.0000599000   -0.0029585700
   0.0016196500   -0.0000174300   -0.0028396500
   0.0012892800   -0.0002306200   -0.0013183900

1    
  0.0000000000000000   0.0000000000000000   0.0100000000000000
  -0.0149840500    0.0000000000   -0.0450776400
  -0.0081184900    0.0000000000    0.0006444000
  -0.0084076000    0.0000000000    0.0011444000
  -0.0083612700    0.0000000000    0.0006440300
  -0.0088938400    0.0002105500    0.0002700500
  -0.0082930300   -0.0001528500    0.0013525900
  -0.0084049000   -0.0000223000    0.0010741500
  -0.0083292400    0.0000299200    0.0013524500
  -0.0083438800    0.0000000000    0.0010482400
  -0.0084913000    0.0000000000    0.0009860200
  -0.0083587500    0.0000000000    0.0010372900
  -0.0083973400    0.0000000000    0.0009852100
  -0.0088938400   -0.0002105500    0.0002700500
  -0.0082930300    0.0001528500    0.0013525900
  -0.0084049000    0.0000223000    0.0010741500
  -0.0083292400   -0.0000299200    0.0013524500
  -0.0084544300    0.0000000000    0.0018689600
  -0.0083528100    0.0000000000    0.0015443900
  -0.0083711700    0.0000000000    0.0014288800
  -0.0083740900    0.0000000000    0.0015442600
  -0.0083630600    0.0000360400    0.0015669700
  -0.0083450900    0.0000313000    0.0015062600
  -0.0083757100    0.0000094400    0.0014462800
  -0.0084038300    0.0000040600    0.0015069100
  -0.0083589500    0.0000000000    0.0014432900
  -0.0083483300    0.0000000000    0.0014438100
  -0.0083897800    0.0000000000    0.0014580000
  -0.0083802300    0.0000000000    0.0014433200
  -0.0083630600   -0.0000360400    0.0015669700
  -0.0083450900   -0.0000313000    0.0015062600
  -0.0083757100   -0.0000094400    0.0014462800
  -0.0084038300   -0.0000040600    0.0015069100
   0.0100741300    0.0000000000    0.0039699400
   0.0084699700    0.0000000000    0.0013543800
   0.0082622000    0.0000000000    0.0013137600
   0.0076265300    0.0000000000    0.0020080500
   0.0085418400    0.0003096100    0.0014173500
   0.0083507200    0.0000713700    0.0012550800
   0.0082330600   -0.0000129000    0.0013704500
   0.0081690700    0.0004070500    0.0017644400
   0.0084359500    0.0000000000    0.0013154600
   0.0083092100    0.0000000000    0.0013150500
   0.0082667300    0.0000000000    0.0013952400
   0.0084152300    0.0000000000    0.0013740500
   0.0085418400   -0.0003096100    0.0014173500
   0.0083507200   -0.0000713700    0.0012550800
   0.0082330600    0.0000129000    0.0013704500
   0.0081690700   -0.0004070500    0.0017644400
   0.0094400000    0.0000000000    0.0039639100
   0.0081417200    0.0000000000    0.0013542100
   0.0084186300    0.0000000000    0.0013138700
   0.0087148100    0.0000000000    0.0020033700
   0.0080678700   -0.0004378200    0.0014159200
   0.0082200900   -0.0002099700    0.0012566600
   0.0084301900    0.0000301500    0.0013710600
   0.0085261800   -0.0000947100    0.0017604200
   0.0083077500    0.0000000000    0.0013159300
   0.0083615400    0.0000000000    0.0013161600
   0.0084273800    0.0000000000    0.0013962400
   0.0083108600    0.0000000000    0.0013742900
   0.0080678700    0.0004378200    0.0014159200
   0.0082200900    0.0002099700    0.0012566600
   0.0084301900   -0.0000301500    0.0013710600
   0.0085261800    0.0000947100    0.0017604200
  -0.0050407000    0.0029894900   -0.0012646000
  -0.0082440900    0.0000569600   -0.0014107700
  -0.0086697900    0.0000291600   -0.0014100300
  -0.0127931200    0.0054861600   -0.0012565800
  -0.0082128700    0.0001877800   -0.0014296400
  -0.0082455800    0.0001246100   -0.0013774900
  -0.0086694100    0.0004061200   -0.0013763600
  -0.0085976600    0.0003231200   -0.0014294700
  -0.0082128700   -0.0001877800   -0.0014296400
  -0.0082455800   -0.0001246100   -0.0013774900
  -0.0086694100   -0.0004061200   -0.0013763600
  -0.0085976600   -0.0003231200   -0.0014294700
  -0.0050407000   -0.0029894900   -0.0012646000
  -0.0082440900   -0.0000569600   -0.0014107700
  -0.0086697900   -0.0000291600   -0.0014100300
  -0.0127931200   -0.0054861600   -0.0012565800
  -0.0085436300   -0.0002858700   -0.0008119500
  -0.0084353900    0.0000055700   -0.0011630600
  -0.0083315900   -0.0000262700   -0.0011626300
  -0.0081396300   -0.0001311600   -0.0008108100
  -0.0083631000   -0.0000651400   -0.0011537300
  -0.0084318800   -0.0000305000   -0.0011559300
  -0.0083540000   -0.0000138900   -0.0011554500
  -0.0083308200   -0.0000675300   -0.0011533600
  -0.0083631000    0.0000651400   -0.0011537300
  -0.0084318800    0.0000305000   -0.0011559300
  -0.0083540000    0.0000138900   -0.0011554500
  -0.0083308200    0.0000675300   -0.0011533600
  -0.0085436300    0.0002858700   -0.0008119500
  -0.0084353900   -0.0000055700   -0.0011630600
  -0.0083315900    0.0000262700   -0.0011626300
  -0.0081396300    0.0001311600   -0.0008108100
   0.0084891700    0.0001238700   -0.0010733700
   0.0083731400    0.0000063800   -0.0011567200
   0.0083247000   -0.0000315800   -0.0009804900
   0.0082405700    0.0000017000   -0.0006445800
   0.0084197800    0.0000361100   -0.0011542000
   0.0083438500   -0.0000118100   -0.0010860100
   0.0083737900   -0.0000099100   -0.0010994800
   0.0084195100    0.0000645800   -0.0011441100
   0.0084197800   -0.0000361100   -0.0011542000
   0.0083438500    0.0000118100   -0.0010860100
   0.0083737900    0.0000099100   -0.0010994800
   0.0084195100   -0.0000645800   -0.0011441100
   0.0084891700   -0.0001238700   -0.0010733700
   0.0083731400   -0.0000063800   -0.0011567200
   0.0083247000    0.0000315800   -0.0009804900
   0.0082405700   -0.0000017000   -0.0006445800
   0.0069462500   -0.0017414100   -0.0022196100
   0.0083548400   -0.0000217100   -0.0014222000
   0.0087583600   -0.0000476300   -0.0015461500
   0.0113027900   -0.0042743900    0.0030465300
   0.0081252800   -0.0002379800   -0.0015057100
   0.0083895300    0.0000001100   -0.0014343400
   0.0086709600   -0.0001712600   -0.0014301900
   0.0081015400   -0.0003405100   -0.0015067700
   0.0081252800    0.0002379800   -0.0015057100
   0.0083895300   -0.0000001100   -0.0014343400
   0.0086709600    0.0001712600   -0.0014301900
   0.0081015400    0.0003405100   -0.0015067700
   0.0069462500    0.0017414100   -0.0022196100
   0.0083548400    0.0000217100   -0.0014222000
   0.0087583600    0.0000476300   -0.0015461500
   0.0113027900    0.0042743900    0.0030465300
  -0.0002856400    0.0000000000    0.0345431200
  -0.0021852800    0.0000000000    0.0031605300
  -0.0016000900    0.0000000000    0.0030440800
  -0.0013150000    0.0000000000    0.0031204600
  -0.0018229500   -0.0008022200    0.0033603700
  -0.0020570900   -0.0005094000    0.0035597200
  -0.0016020700   -0.0000928500    0.0031135700
  -0.0008608000   -0.0007036200    0.0030731100
  -0.0016758400    0.0000000000    0.0031077100
  -0.0017811500    0.0000000000    0.0032061500
  -0.0015103300    0.0000000000    0.0031385200
  -0.0014896000    0.0000000000    0.0031356200
  -0.0018229500    0.0008022200    0.0033603700
  -0.0020570900    0.0005094000    0.0035597200
  -0.0016020700    0.0000928500    0.0031135700
  -0.0008608000    0.0007036200    0.0030731100
  -0.0017360800    0.0000000000    0.0020819900
  -0.0015540100    0.0000000000    0.0027536200
  -0.0015785100    0.0000000000    0.0028124000
  -0.0017039200    0.0000000000    0.0027146100
  -0.0016155900    0.0001047300    0.0026988000
  -0.0014628300    0.0001676600    0.0026702600
  -0.0015796300    0.0000030600    0.0027901000
  -0.0016492700    0.0000394900    0.0027025300
  -0.0015883600    0.0000000000    0.0028111100
  -0.0015753900    0.0000000000    0.0028054000
  -0.0015763700    0.0000000000    0.0028022100
  -0.0015928100    0.0000000000    0.0027904100
  -0.0016155900   -0.0001047300    0.0026988000
  -0.0014628300   -0.0001676600    0.0026702600
  -0.0015796300   -0.0000030600    0.0027901000
  -0.0016492700   -0.0000394900    0.0027025300
   0.0015170600    0.0000000000    0.0017144300
   0.0015836300    0.0000000000    0.0028005700
   0.0016397000    0.0000000000    0.0028485800
   0.0015903900    0.0000000000    0.0025638500
   0.0015369400   -0.0000764800    0.0027562400
   0.0015999000    0.0000038700    0.0028858900
   0.0016499500   -0.0000292700    0.0028076900
   0.0016487300   -0.0000636900    0.0025397500
   0.0015766600    0.0000000000    0.0028459100
   0.0016571000    0.0000000000    0.0028420100
   0.0015781900    0.0000000000    0.0027719100
   0.0015965100    0.0000000000    0.0028117400
   0.0015369400    0.0000764800    0.0027562400
   0.0015999000   -0.0000038700    0.0028858900
   0.0016499500    0.0000292700    0.0028076900
   0.0016487300    0.0000636900    0.0025397500
   0.0006141300    0.0000000000    0.0019204400
   0.0017006000    0.0000000000    0.0029984300
   0.0015571900    0.0000000000    0.0029835900
   0.0015512300    0.0000000000    0.0031547700
   0.0021172400    0.0006274600    0.0031798100
   0.0016601400    0.0000536700    0.0030762200
   0.0014753700    0.0000137800    0.0029074500
   0.0006681500    0.0010451300    0.0024611500
   0.0016984700    0.0000000000    0.0029747500
   0.0017095200    0.0000000000    0.0029564600
   0.0013906900    0.0000000000    0.0028919800
   0.0015618300    0.0000000000    0.0029489200
   0.0021172400   -0.0006274600    0.0031798100
   0.0016601400   -0.0000536700    0.0030762200
   0.0014753700   -0.0000137800    0.0029074500
   0.0006681500   -0.0010451300    0.0024611500
   0.0013053600    0.0021425700    0.0001136300
  -0.0015714600    0.0000401400   -0.0027479000
  -0.0015747500    0.0000053600   -0.0027401200
  -0.0017276400    0.0006833700   -0.0031242400
  -0.0014978300    0.0000931400   -0.0027049500
  -0.0017022800   -0.0001159500   -0.0027499400
  -0.0015066400   -0.0000636700   -0.0026536700
  -0.0016134300   -0.0000419700   -0.0027507900
  -0.0014978300   -0.0000931400   -0.0027049500
  -0.0017022800    0.0001159500   -0.0027499400
  -0.0015066400    0.0000636700   -0.0026536700
  -0.0016134300    0.0000419700   -0.0027507900
   0.0013053600   -0.0021425700    0.0001136300
  -0.0015714600   -0.0000401400   -0.0027479000
  -0.0015747500   -0.0000053600   -0.0027401200
  -0.0017276400   -0.0006833700   -0.0031242400
  -0.0016906100   -0.0000601400   -0.0032657200
  -0.0016273000   -0.0000017400   -0.0030685700
  -0.0016193400    0.0000084600   -0.0030812100
  -0.0016516600    0.0000246000   -0.0033367300
  -0.0016421900   -0.0000144600   -0.0030913600
  -0.0016164900    0.0000088600   -0.0030869200
  -0.0016202000   -0.0000029800   -0.0030819500
  -0.0016411700   -0.0000088600   -0.0030941300
  -0.0016421900    0.0000144600   -0.0030913600
  -0.0016164900   -0.0000088600   -0.0030869200
  -0.0016202000    0.0000029800   -0.0030819500
  -0.0016411700    0.0000088600   -0.0030941300
  -0.0016906100    0.0000601400   -0.0032657200
  -0.0016273000    0.0000017400   -0.0030685700
  -0.0016193400   -0.0000084600   -0.0030812100
  -0.0016516600   -0.0000246000   -0.0033367300
   0.0013092300   -0.0001789600   -0.0031165100
   0.0016595500   -0.0000106600   -0.0030338500
   0.0020080700   -0.0001927100   -0.0032626600
   0.0016404400   -0.0002213800   -0.0038944300
   0.0016104000   -0.0000164400   -0.0029951500
   0.0017240200   -0.0000092600   -0.0031120600
   0.0017960200   -0.0001218700   -0.0030279400
   0.0015983300   -0.0001065600   -0.0029969300
   0.0016104000    0.0000164400   -0.0029951500
   0.0017240200    0.0000092600   -0.0031120600
   0.0017960200    0.0001218700   -0.0030279400
   0.0015983300    0.0001065600   -0.0029969300
   0.0013092300    0.0001789600   -0.0031165100
   0.0016595500    0.0000106600   -0.0030338500
   0.0020080700    0.0001927100   -0.0032626600
   0.0016404400    0.0002213800   -0.0038944300
   0.0020851100    0.0004093900   -0.0029162100
   0.0016044300   -0.0000239000   -0.0028773100
   0.0014386400    0.0000966900   -0.0029183400
   0.0014659000    0.0003997400   -0.0040645800
   0.0016462200    0.0000775900   -0.0028611100
   0.0016097000    0.0000062000   -0.0028900200
   0.0014853000    0.0000964800   -0.0029425400
   0.0016166100    0.0001071600   -0.0028798100
   0.0016462200   -0.0000775900   -0.0028611100
   0.0016097000   -0.0000062000   -0.0028900200
   0.0014853000   -0.0000964800   -0.0029425400
   0.0016166100   -0.0001071600   -0.0028798100
   0.0020851100   -0.0004093900   -0.0029162100
   0.0016044300    0.0000239000   -0.0028773100
   0.0014386400   -0.0000966900   -0.0029183400
   0.0014659000   -0.0003997400   -0.0040645800

1    
  0.0000000000000000   0.0000000000000000  -0.0100000000000000
  -0.0015054000    0.0000000000    0.0461730400
  -0.0086434900    0.0000000000    0.0019481300
  -0.0083360300    0.0000000000    0.0014449100
  -0.0083686500    0.0000000000    0.0019477500
  -0.0078303000   -0.0002332800    0.0023268100
  -0.0084811300    0.0001291100    0.0012390200
  -0.0083388300    0.0000222300    0.0015153500
  -0.0084035700   -0.0000494600    0.0012383800
  -0.0083963500    0.0000000000    0.0015412800
  -0.0082498200    0.0000000000    0.0016036500
  -0.0083866400    0.0000000000    0.0015530800
  -0.0083440900    0.0000000000    0.0016029300
  -0.0078303000    0.0002332800    0.0023268100
  -0.0084811300   -0.0001291100    0.0012390200
  -0.0083388300   -0.0000222300    0.0015153500
  -0.0084035700    0.0000494600    0.0012383800
  -0.0082879400    0.0000000000    0.0007094100
  -0.0083914000    0.0000000000    0.0010396900
  -0.0083727300    0.0000000000    0.0011566200
  -0.0083693900    0.0000000000    0.0010402100
  -0.0083799500   -0.0000366900    0.0010170100
  -0.0083987500   -0.0000318600    0.0010775200
  -0.0083682700   -0.0000095900    0.0011388400
  -0.0083398900   -0.0000039200    0.0010780400
  -0.0083838100    0.0000000000    0.0011423600
  -0.0083954400    0.0000000000    0.0011418600
  -0.0083538600    0.0000000000    0.0011272400
  -0.0083630400    0.0000000000    0.0011415400
  -0.0083799500    0.0000366900    0.0010170100
  -0.0083987500    0.0000318600    0.0010775200
  -0.0083682700    0.0000095900    0.0011388400
  -0.0083398900    0.0000039200    0.0010780400
   0.0066437400    0.0000000000   -0.0014143900
   0.0082633300    0.0000000000    0.0012316600
   0.0084723200    0.0000000000    0.0012726900
   0.0091192100    0.0000000000    0.0005796700
   0.0081910800   -0.0003119500    0.0011706400
   0.0083823300   -0.0000734200    0.0013302200
   0.0085017800    0.0000126300    0.0012154800
   0.0085666400   -0.0004066100    0.0008238900
   0.0082996100    0.0000000000    0.0012710800
   0.0084248400    0.0000000000    0.0012710700
   0.0084675300    0.0000000000    0.0011905900
   0.0083201900    0.0000000000    0.0012120500
   0.0081910800    0.0003119500    0.0011706400
   0.0083823300    0.0000734200    0.0013302200
   0.0085017800   -0.0000126300    0.0012154800
   0.0085666400    0.0004066100    0.0008238900
   0.0072742000    0.0000000000   -0.0014206400
   0.0085978400    0.0000000000    0.0012320400
   0.0083155400    0.0000000000    0.0012726300
   0.0080164200    0.0000000000    0.0005746600
   0.0086701300    0.0004440700    0.0011693300
   0.0085176900    0.0002133200    0.0013318400
   0.0083038300   -0.0000305100    0.0012160600
   0.0082063000    0.0000961900    0.0008194800
   0.0084277400    0.0000000000    0.0012716000
   0.0083733900    0.0000000000    0.0012721400
   0.0083066500    0.0000000000    0.0011912300
   0.0084246200    0.0000000000    0.0012120500
   0.0086701300   -0.0004440700    0.0011693300
   0.0085176900   -0.0002133200    0.0013318400
   0.0083038300    0.0000305100    0.0012160600
   0.0082063000   -0.0000961900    0.0008194800
  -0.0116776000   -0.0029729000   -0.0013359300
  -0.0084912900   -0.0000559900   -0.0011772900
  -0.0080670200   -0.0000287600   -0.0011768500
  -0.0039557200   -0.0054631200   -0.0013280900
  -0.0085195800   -0.0001886000   -0.0011576400
  -0.0084899000   -0.0001242900   -0.0012117300
  -0.0080688400   -0.0004033300   -0.0012102800
  -0.0081383800   -0.0003222900   -0.0011576400
  -0.0085195800    0.0001886000   -0.0011576400
  -0.0084899000    0.0001242900   -0.0012117300
  -0.0080688400    0.0004033300   -0.0012102800
  -0.0081383800    0.0003222900   -0.0011576400
  -0.0116776000    0.0029729000   -0.0013359300
  -0.0084912900    0.0000559900   -0.0011772900
  -0.0080670200    0.0000287600   -0.0011768500
  -0.0039557200    0.0054631200   -0.0013280900
  -0.0081897700    0.0002890800   -0.0017823900
  -0.0082986000   -0.0000057300   -0.0014257100
  -0.0084040300    0.0000263300   -0.0014251300
  -0.0085972600    0.0001317400   -0.0017811300
  -0.0083717800    0.0000661900   -0.0014348600
  -0.0083018900    0.0000310800   -0.0014329800
  -0.0083810600    0.0000139100   -0.0014326200
  -0.0084040600    0.0000684000   -0.0014344900
  -0.0083717800   -0.0000661900   -0.0014348600
  -0.0083018900   -0.0000310800   -0.0014329800
  -0.0083810600   -0.0000139100   -0.0014326200
  -0.0084040600   -0.0000684000   -0.0014344900
  -0.0081897700   -0.0002890800   -0.0017823900
  -0.0082986000    0.0000057300   -0.0014257100
  -0.0084040300   -0.0000263300   -0.0014251300
  -0.0085972600   -0.0001317400   -0.0017811300
   0.0082500300   -0.0001281900   -0.0015147900
   0.0083699200   -0.0000060200   -0.0014308900
   0.0084192800    0.0000313900   -0.0016069400
   0.0085069500   -0.0000033500   -0.0019490200
   0.0083233300   -0.0000366500   -0.0014339500
   0.0083993600    0.0000117300   -0.0015016100
   0.0083699000    0.0000097600   -0.0014875400
   0.0083242900   -0.0000644500   -0.0014434200
   0.0083233300    0.0000366500   -0.0014339500
   0.0083993600   -0.0000117300   -0.0015016100
   0.0083699000   -0.0000097600   -0.0014875400
   0.0083242900    0.0000644500   -0.0014434200
   0.0082500300    0.0001281900   -0.0015147900
   0.0083699200    0.0000060200   -0.0014308900
   0.0084192800   -0.0000313900   -0.0016069400
   0.0085069500    0.0000033500   -0.0019490200
   0.0098206900    0.0017723900   -0.0003508400
   0.0083893800    0.0000225000   -0.0011624600
   0.0079796100    0.0000494700   -0.0010353500
   0.0053835900    0.0043770700   -0.0057070700
   0.0086230000    0.0002414600   -0.0010762200
   0.0083550400    0.0000013600   -0.0011496200
   0.0080691200    0.0001721100   -0.0011504000
   0.0086457800    0.0003457600   -0.0010767600
   0.0086230000   -0.0002414600   -0.0010762200
   0.0083550400   -0.0000013600   -0.0011496200
   0.0080691200   -0.0001721100   -0.0011504000
   0.0086457800   -0.0003457600   -0.0010767600
   0.0098206900   -0.0017723900   -0.0003508400
   0.0083893800   -0.0000225000   -0.0011624600
   0.0079796100   -0.0000494700   -0.0010353500
   0.0053835900   -0.0043770700   -0.0057070700
  -0.0030882200    0.0000000000   -0.0270416100
  -0.0010367900    0.0000000000    0.0027041000
  -0.0016217400    0.0000000000    0.0028171700
  -0.0019065800    0.0000000000    0.0027405300
  -0.0014036200    0.0007996600    0.0025026800
  -0.0011641300    0.0005105800    0.0023068500
  -0.0016194000    0.0000918300    0.0027480200
  -0.0023561600    0.0006978300    0.0027887400
  -0.0015475800    0.0000000000    0.0027538900
  -0.0014424400    0.0000000000    0.0026557400
  -0.0017093900    0.0000000000    0.0027249000
  -0.0017326900    0.0000000000    0.0027260400
  -0.0014036200   -0.0007996600    0.0025026800
  -0.0011641300   -0.0005105800    0.0023068500
  -0.0016194000   -0.0000918300    0.0027480200
  -0.0023561600   -0.0006978300    0.0027887400
  -0.0014843400    0.0000000000    0.0037933000
  -0.0016693500    0.0000000000    0.0031097700
  -0.0016445900    0.0000000000    0.0030502200
  -0.0015175100    0.0000000000    0.0031491400
  -0.0016069600   -0.0001059800    0.0031653400
  -0.0017618400   -0.0001703100    0.0031943400
  -0.0016434200   -0.0000032300    0.0030727700
  -0.0015728900   -0.0000398500    0.0031607100
  -0.0016349700    0.0000000000    0.0030514100
  -0.0016478300    0.0000000000    0.0030575200
  -0.0016466600    0.0000000000    0.0030610600
  -0.0016301700    0.0000000000    0.0030725600
  -0.0016069600    0.0001059800    0.0031653400
  -0.0017618400    0.0001703100    0.0031943400
  -0.0016434200    0.0000032300    0.0030727700
  -0.0015728900    0.0000398500    0.0031607100
   0.0017069100    0.0000000000    0.0041723700
   0.0016395500    0.0000000000    0.0030626600
   0.0015835100    0.0000000000    0.0030141500
   0.0016330000    0.0000000000    0.0033000900
   0.0016866800    0.0000778000    0.0031062500
   0.0016236700   -0.0000037400    0.0029784800
   0.0015730800    0.0000291400    0.0030554300
   0.0015733300    0.0000644700    0.0033213600
   0.0016459000    0.0000000000    0.0030170000
   0.0015665400    0.0000000000    0.0030210900
   0.0016446300    0.0000000000    0.0030917400
   0.0016260600    0.0000000000    0.0030511700
   0.0016866800   -0.0000778000    0.0031062500
   0.0016236700    0.0000037400    0.0029784800
   0.0015730800   -0.0000291400    0.0030554300
   0.0015733300   -0.0000644700    0.0033213600
   0.0026403100    0.0000000000    0.0039308900
   0.0015201600    0.0000000000    0.0028603900
   0.0016663300    0.0000000000    0.0028771400
   0.0016673000    0.0000000000    0.0027050600
   0.0010991300   -0.0006379800    0.0026805100
   0.0015596300   -0.0000566600    0.0027818800
   0.0017488800   -0.0000145700    0.0029533000
   0.0025665000   -0.0010602900    0.0034101200
   0.0015224500    0.0000000000    0.0028858800
   0.0015112800    0.0000000000    0.0029045100
   0.0018323600    0.0000000000    0.0029692000
   0.0016622000    0.0000000000    0.0029133200
   0.0010991300    0.0006379800    0.0026805100
   0.0015596300    0.0000566600    0.0027818800
   0.0017488800    0.0000145700    0.0029533000
   0.0025665000    0.0010602900    0.0034101200
  -0.0045514800   -0.0021523200   -0.0059980600
  -0.0016483600   -0.0000390900   -0.0031139600
  -0.0016482400   -0.0000048000   -0.0031222700
  -0.0014994400   -0.0006822700   -0.0027562900
  -0.0017265200   -0.0000881200   -0.0031576200
  -0.0015138400    0.0001246000   -0.0031082300
  -0.0017185300    0.0000657500   -0.0032080900
  -0.0016111400    0.0000456700   -0.0031104200
  -0.0017265200    0.0000881200   -0.0031576200
  -0.0015138400   -0.0001246000   -0.0031082300
  -0.0017185300   -0.0000657500   -0.0032080900
  -0.0016111400   -0.0000456700   -0.0031104200
  -0.0045514800    0.0021523200   -0.0059980600
  -0.0016483600    0.0000390900   -0.0031139600
  -0.0016482400    0.0000048000   -0.0031222700
  -0.0014994400    0.0006822700   -0.0027562900
  -0.0015309300    0.0000611200   -0.0025910900
  -0.0015950100    0.0000019500   -0.0027921100
  -0.0016035400   -0.0000083100   -0.0027793500
  -0.0015706600   -0.0000251100   -0.0025208600
  -0.0015804900    0.0000148600   -0.0027689700
  -0.0016062900   -0.0000090300   -0.0027730700
  -0.0016024100    0.0000029500   -0.0027788000
  -0.0015818600    0.0000089800   -0.0027666400
  -0.0015804900   -0.0000148600   -0.0027689700
  -0.0016062900    0.0000090300   -0.0027730700
  -0.0016024100   -0.0000029500   -0.0027788000
  -0.0015818600   -0.0000089800   -0.0027666400
  -0.0015309300   -0.0000611200   -0.0025910900
  -0.0015950100   -0.0000019500   -0.0027921100
  -0.0016035400    0.0000083100   -0.0027793500
  -0.0015706600    0.0000251100   -0.0025208600
   0.0019146900    0.0001817200   -0.0027475700
   0.0015636200    0.0000102500   -0.0028271900
   0.0012128100    0.0001948700   -0.0025986100
   0.0015798600    0.0002226000   -0.0019560600
   0.0016118700    0.0000169500   -0.0028651600
   0.0014994300    0.0000099200   -0.0027485300
   0.0014273600    0.0001212900   -0.0028330100
   0.0016237300    0.0001065700   -0.0028638700
   0.0016118700   -0.0000169500   -0.0028651600
   0.0014994300   -0.0000099200   -0.0027485300
   0.0014273600   -0.0001212900   -0.0028330100
   0.0016237300   -0.0001065700   -0.0028638700
   0.0019146900   -0.0001817200   -0.0027475700
   0.0015636200   -0.0000102500   -0.0028271900
   0.0012128100   -0.0001948700   -0.0025986100
   0.0015798600   -0.0002226000   -0.0019560600
   0.0011290500   -0.0004174800   -0.0029428200
   0.0016184400    0.0000237200   -0.0029857500
   0.0017864100   -0.0000976700   -0.0029443300
   0.0017597000   -0.0004070600   -0.0017827700
   0.0015757200   -0.0000792100   -0.0030020200
   0.0016123600   -0.0000065300   -0.0029730000
   0.0017400800   -0.0000985600   -0.0029213600
   0.0016061800   -0.0001086400   -0.0029833400
   0.0015757200    0.0000792100   -0.0030020200
   0.0016123600    0.0000065300   -0.0029730000
   0.0017400800    0.0000985600   -0.0029213600
   0.0016061800    0.0001086400   -0.0029833400
   0.0011290500    0.0004174800   -0.0029428200
   0.0016184400   -0.0000237200   -0.0029857500
   0.0017864100    0.0000976700   -0.0029443300
   0.0017597000    0.0004070600   -0.0017827700

129  
  0.0072572975257168   0.0068797988795622   0.0000000000000000
  -0.0069718600    0.0018415500    0.0023234900
  -0.0087999800    0.0002893800    0.0015072600
  -0.0085802200    0.0000522800    0.0012992800
  -0.0088601700    0.0007344700    0.0008740500
  -0.0077131400   -0.0008142000    0.0016896300
  -0.0092038700   -0.0003346700    0.0023243400
  -0.0086249400    0.0000728400    0.0013612100
  -0.0084437700   -0.0001342800    0.0013153900
  -0.0082419300   -0.0002865200    0.0012445500
  -0.0082034100   -0.0002818000    0.0013804000
  -0.0089074000   -0.0006029500    0.0013639400
  -0.0083975400   -0.0003288200    0.0011671500
  -0.0078333100   -0.0000581000    0.0005873700
  -0.0084483000    0.0000152000    0.0013497300
  -0.0087084900    0.0000677200    0.0012335100
  -0.0088592300   -0.0010636400    0.0006121800
  -0.0082387700    0.0000904200    0.0011980300
  -0.0084079700    0.0000562600    0.0012227700
  -0.0084317000    0.0000226200    0.0013133800
  -0.0083410500    0.0000540200    0.0013305100
  -0.0082915800   -0.0000384500    0.0012136200
  -0.0084426700   -0.0000577900    0.0012334900
  -0.0084191000    0.0000025500    0.0013107600
  -0.0083373500   -0.0000003300    0.0012824300
  -0.0083336400   -0.0000603000    0.0013062300
  -0.0083612700   -0.0000337200    0.0013034100
  -0.0084239700   -0.0000327900    0.0013152900
  -0.0083695600   -0.0000568900    0.0013149400
  -0.0082800900    0.0000130300    0.0013575700
  -0.0083606200    0.0000275200    0.0012891800
  -0.0084336700    0.0000101400    0.0013151800
  -0.0084548500   -0.0000103300    0.0015131000
   0.0090053300    0.0000519700    0.0020375900
   0.0080262700    0.0002886900    0.0012236900
   0.0081652600    0.0000991500    0.0013287900
   0.0091133000    0.0008870900    0.0013343500
   0.0087186800   -0.0006175900    0.0004770100
   0.0080598800   -0.0003372600    0.0012135600
   0.0082350100   -0.0000039700    0.0013790100
   0.0085279100   -0.0000362300    0.0012608700
   0.0084675300   -0.0003018300    0.0012247300
   0.0082747600   -0.0000783100    0.0012168200
   0.0081793900   -0.0001698000    0.0014491100
   0.0086142200   -0.0003583400    0.0013254300
   0.0086312600   -0.0000145800    0.0013566400
   0.0082628000    0.0001601400    0.0012902300
   0.0081123700    0.0000963700    0.0013973400
   0.0081125600   -0.0007345300    0.0026875200
   0.0083289900   -0.0000465500    0.0013565300
   0.0083089200    0.0000738000    0.0013104700
   0.0083277500    0.0000031400    0.0012699500
   0.0084246200    0.0000068000    0.0013046100
   0.0084872500   -0.0000062600    0.0013994700
   0.0083124900   -0.0000381900    0.0012973200
   0.0083511300   -0.0000032900    0.0012828300
   0.0083946500    0.0000009300    0.0013065300
   0.0083783900   -0.0000397600    0.0013159500
   0.0083484000   -0.0000263500    0.0012585500
   0.0083494000   -0.0000103000    0.0013142300
   0.0084023200   -0.0000414800    0.0013012600
   0.0083591200    0.0000435900    0.0012923700
   0.0083553400    0.0000072500    0.0013020700
   0.0083195100    0.0000190500    0.0012426700
   0.0084028100    0.0000458500    0.0012194100
  -0.0097841800   -0.0002764900   -0.0007182200
  -0.0088347200    0.0002837000   -0.0013129900
  -0.0087439500    0.0003234000   -0.0012893900
  -0.0041215700    0.0007196900   -0.0019363300
  -0.0078437100   -0.0008684400   -0.0013182400
  -0.0093127400   -0.0007488100   -0.0014112800
  -0.0085373900   -0.0002877600   -0.0013022200
  -0.0077800100   -0.0006637500   -0.0013098200
  -0.0077141900   -0.0004906200   -0.0012576700
  -0.0086113600   -0.0000323400   -0.0013210700
  -0.0093994100   -0.0016541300   -0.0011398300
  -0.0084240900   -0.0009501200   -0.0014337800
  -0.0083477100    0.0009098100   -0.0016745800
  -0.0086349000    0.0000474800   -0.0013196600
  -0.0092199700    0.0007277300   -0.0013442800
   0.0093372700    0.0156394800   -0.0048147500
  -0.0083419100    0.0000147900   -0.0012451600
  -0.0084184400    0.0000124500   -0.0012804400
  -0.0083711900    0.0000143300   -0.0012812200
  -0.0083343400    0.0000036900   -0.0012752500
  -0.0083502900   -0.0000477600   -0.0012755700
  -0.0084008700   -0.0000144200   -0.0012864300
  -0.0083732100   -0.0000170200   -0.0012814700
  -0.0083549800   -0.0000265200   -0.0012780400
  -0.0083467800    0.0000012400   -0.0012634500
  -0.0083893600   -0.0000033800   -0.0012825600
  -0.0083954400   -0.0000235300   -0.0012934100
  -0.0083246700   -0.0000260900   -0.0012578900
  -0.0083744500    0.0000259100   -0.0012787700
  -0.0083945600    0.0000111400   -0.0012913100
  -0.0084079400    0.0000308700   -0.0012778500
  -0.0083030400    0.0000171500   -0.0011915300
   0.0085629100    0.0001578400   -0.0016355500
   0.0082496200   -0.0000043000   -0.0012636500
   0.0084293800   -0.0000128800   -0.0011343200
   0.0085766100    0.0000351600   -0.0014195800
   0.0083143500   -0.0001544600   -0.0013036500
   0.0082958900   -0.0000875400   -0.0012165300
   0.0084255300   -0.0000184400   -0.0012398000
   0.0084393900   -0.0000780600   -0.0013740600
   0.0083756800   -0.0000166200   -0.0012797300
   0.0083145500    0.0000519200   -0.0012023400
   0.0083190500   -0.0000537700   -0.0010739500
   0.0085042800   -0.0001950000   -0.0012269800
   0.0083703200    0.0001197700   -0.0013855800
   0.0082680900    0.0000531700   -0.0012487500
   0.0082632800    0.0001316300   -0.0008698300
   0.0085171700    0.0002709600   -0.0011175300
   0.0081124800    0.0000431100   -0.0006548800
   0.0082443600    0.0000226000   -0.0013101400
   0.0083901400    0.0000448800   -0.0013495000
   0.0085435000    0.0000748300   -0.0011219700
   0.0083004300   -0.0001902400   -0.0012094200
   0.0082836300   -0.0000672300   -0.0012851300
   0.0084017300   -0.0000426500   -0.0013152700
   0.0084654300   -0.0001115600   -0.0012112400
   0.0083459600    0.0000195400   -0.0013185100
   0.0083100200    0.0000197500   -0.0012945700
   0.0083244400   -0.0001816400   -0.0014478400
   0.0084740500   -0.0001023800   -0.0013604300
   0.0083403300    0.0000201100   -0.0012273000
   0.0082909000    0.0000496800   -0.0012774200
   0.0082593000    0.0001275400   -0.0014816700
   0.0088318100    0.0000784400   -0.0016761400
  -0.0344350100   -0.0321396300    0.0059695400
  -0.0016035200   -0.0006841200    0.0030371500
  -0.0015066900   -0.0001494300    0.0029220500
  -0.0016257400   -0.0006873800    0.0029320900
  -0.0028302200    0.0020876000    0.0031162700
   0.0011014300    0.0034759300    0.0014437400
  -0.0013325600   -0.0000064600    0.0029111300
  -0.0018059600    0.0003784500    0.0028756800
  -0.0018631400    0.0001560800    0.0030082200
  -0.0016305000    0.0006007700    0.0029010200
  -0.0012307000    0.0003935200    0.0028292200
  -0.0016322300    0.0005973700    0.0030144700
  -0.0028931500    0.0021192400    0.0034765800
  -0.0012136400   -0.0002457800    0.0028667900
  -0.0014068400    0.0000702500    0.0029009000
   0.0016745100    0.0027965900    0.0033014700
  -0.0016553900   -0.0000207800    0.0028824200
  -0.0015960600   -0.0000139200    0.0029342700
  -0.0015714900   -0.0000188000    0.0029081600
  -0.0015961400   -0.0000136000    0.0029198200
  -0.0016412000    0.0000194900    0.0029322300
  -0.0016262200    0.0000069400    0.0029620300
  -0.0015849900    0.0000029300    0.0029176700
  -0.0016205800    0.0000126900    0.0029339800
  -0.0016367300    0.0000288100    0.0029240200
  -0.0016056800    0.0000202300    0.0029193100
  -0.0015715400    0.0000211800    0.0029155700
  -0.0016052600    0.0000195400    0.0029261300
  -0.0016186400   -0.0000040300    0.0029166900
  -0.0015945500   -0.0000137800    0.0029270700
  -0.0015769800   -0.0000054200    0.0029163600
  -0.0015995600   -0.0000192900    0.0028159200
   0.0014398200   -0.0001012500    0.0036870900
   0.0017502700   -0.0000959800    0.0030806000
   0.0016879800   -0.0000697900    0.0028830900
   0.0015302700   -0.0000723500    0.0029430600
   0.0017714800    0.0000503000    0.0033712500
   0.0017812200    0.0001356100    0.0030563900
   0.0016602400   -0.0000091400    0.0028559200
   0.0014991900    0.0000778800    0.0030433300
   0.0015704200    0.0000842000    0.0029687300
   0.0016756700    0.0000280800    0.0029281500
   0.0017005100    0.0000635500    0.0028396400
   0.0015289700    0.0001040200    0.0028975600
   0.0015159200    0.0000059200    0.0028579500
   0.0016877300   -0.0000635100    0.0029895000
   0.0016802100    0.0000331800    0.0028674200
   0.0015388600   -0.0000425800    0.0018631700
   0.0014373200   -0.0001003000    0.0029524200
   0.0017494000   -0.0000955400    0.0029523100
   0.0016880000   -0.0000699500    0.0029750000
   0.0015303400   -0.0000726700    0.0028953400
   0.0016644100    0.0001629400    0.0027115100
   0.0018302300    0.0000845300    0.0028304400
   0.0016505800    0.0000008600    0.0029346900
   0.0015768100   -0.0000062100    0.0029186300
   0.0015708800    0.0000853800    0.0029290200
   0.0016754900    0.0000285600    0.0029769500
   0.0017010900    0.0000638300    0.0028853300
   0.0015297300    0.0001035900    0.0029292200
   0.0016207600   -0.0001041600    0.0029731700
   0.0016400500   -0.0000130000    0.0029439100
   0.0016902300    0.0000226600    0.0030216100
   0.0014627700    0.0000387700    0.0031917700
   0.0010429200    0.0029479700   -0.0065832300
  -0.0013283600   -0.0001916300   -0.0029665000
  -0.0012793900   -0.0001361500   -0.0028416300
  -0.0020560200   -0.0003411600   -0.0029699300
  -0.0017555000    0.0003979900   -0.0030097000
  -0.0007530700    0.0009858900   -0.0030772000
  -0.0013804600    0.0003148000   -0.0028996400
  -0.0018007100    0.0003500300   -0.0029892000
  -0.0017877600    0.0003391900   -0.0028170300
  -0.0013064100    0.0002354000   -0.0029620700
  -0.0006775200    0.0008952000   -0.0026488100
  -0.0017437800    0.0003883300   -0.0028306600
  -0.0017683100   -0.0006455900   -0.0031448400
  -0.0013305300   -0.0000817400   -0.0029610200
  -0.0013811700   -0.0001344800   -0.0028170100
   0.0013036200    0.0025825100   -0.0003436900
  -0.0016528500   -0.0000064100   -0.0028694900
  -0.0015784300   -0.0000118300   -0.0029369200
  -0.0015889600   -0.0000229700   -0.0029642500
  -0.0016770800   -0.0000319900   -0.0029530500
  -0.0016368500    0.0000389700   -0.0029246500
  -0.0015700500    0.0000468700   -0.0029337600
  -0.0015967700    0.0000183700   -0.0029549500
  -0.0016412500    0.0000328500   -0.0029347400
  -0.0016387200    0.0000291000   -0.0029713800
  -0.0015847100    0.0000058400   -0.0029433700
  -0.0015582500    0.0000340600   -0.0029596900
  -0.0016329800    0.0000351300   -0.0029956700
  -0.0016630500   -0.0000466300   -0.0029495100
  -0.0015715600   -0.0000415700   -0.0029225900
  -0.0015609300   -0.0000304500   -0.0029706700
  -0.0016388500   -0.0000205900   -0.0030784600
   0.0025973300    0.0003696800   -0.0018648500
   0.0018624400    0.0000383400   -0.0029688500
   0.0019335800   -0.0001402900   -0.0032717700
   0.0013525500    0.0004404400   -0.0020779900
   0.0015943600    0.0000895800   -0.0029603800
   0.0020236800    0.0001786700   -0.0029862000
   0.0016693000    0.0001986000   -0.0029604800
   0.0013115500    0.0003175700   -0.0028074300
   0.0015708300    0.0000660000   -0.0029930100
   0.0018462900   -0.0000092000   -0.0030507100
   0.0019529200    0.0005045800   -0.0031112300
   0.0013331400    0.0003364100   -0.0029118400
   0.0019415600   -0.0003165700   -0.0027839200
   0.0017812100   -0.0000461000   -0.0029915400
   0.0017998900   -0.0002835500   -0.0035059900
   0.0013022600    0.0003905200   -0.0040032300
   0.0016621600    0.0000506500   -0.0033167200
   0.0016526800   -0.0000279300   -0.0029521400
   0.0016039200    0.0000012700   -0.0029192700
   0.0015665800   -0.0000477100   -0.0029923400
   0.0016753300    0.0000500600   -0.0029953700
   0.0016273600    0.0000157100   -0.0029307500
   0.0015975600    0.0000072200   -0.0029295700
   0.0015801400    0.0000465000   -0.0029690000
   0.0016336000    0.0000070400   -0.0029395800
   0.0016338700    0.0000230000   -0.0029625900
   0.0016226600    0.0000344900   -0.0028079000
   0.0015599600    0.0000252500   -0.0029099000
   0.0016053700   -0.0000070200   -0.0029234300
   0.0016570300   -0.0000234100   -0.0029745000
   0.0015992400   -0.0000039200   -0.0028940000
   0.0016187900    0.0000067300   -0.0031728500

129  
 -0.0072572975257168  -0.0068797988795622   0.0000000000000000
  -0.0097690900   -0.0018629700    0.0002883300
  -0.0079454800   -0.0002861100    0.0010805800
  -0.0081667000   -0.0000529900    0.0012856500
  -0.0078905700   -0.0007428900    0.0017104200
  -0.0090257200    0.0008157100    0.0008941100
  -0.0075512000    0.0003320800    0.0002771800
  -0.0081258900   -0.0000749100    0.0012243500
  -0.0083060900    0.0001437200    0.0012642300
  -0.0085020300    0.0002854400    0.0013402800
  -0.0085406400    0.0002781500    0.0012065900
  -0.0078422500    0.0006050400    0.0012221800
  -0.0083500400    0.0003296700    0.0014162700
  -0.0089158600    0.0000541900    0.0019976300
  -0.0082926600   -0.0000169700    0.0012319300
  -0.0080376900   -0.0000683300    0.0013504000
  -0.0078860900    0.0010650900    0.0019648800
  -0.0085077900   -0.0000911500    0.0013842300
  -0.0083372500   -0.0000554800    0.0013603400
  -0.0083136600   -0.0000228600    0.0012687800
  -0.0084053600   -0.0000549800    0.0012505800
  -0.0084527500    0.0000386600    0.0013683700
  -0.0083044500    0.0000572600    0.0013471300
  -0.0083265000   -0.0000026900    0.0012717400
  -0.0084089300    0.0000001700    0.0013012600
  -0.0084117300    0.0000605700    0.0012758700
  -0.0083846400    0.0000339500    0.0012788700
  -0.0083216400    0.0000333000    0.0012673100
  -0.0083754700    0.0000579800    0.0012664800
  -0.0084664500   -0.0000125900    0.0012230500
  -0.0083852900   -0.0000278900    0.0012933200
  -0.0083112300   -0.0000100400    0.0012675200
  -0.0082906400    0.0000099600    0.0010674700
   0.0077228400   -0.0000702100    0.0005721000
   0.0087116900   -0.0002848200    0.0013582100
   0.0085727400   -0.0001001300    0.0012534000
   0.0076251700   -0.0008943800    0.0012538900
   0.0080304500    0.0006117900    0.0020897200
   0.0086786800    0.0003407000    0.0013652700
   0.0085009800    0.0000037600    0.0012034500
   0.0082056900    0.0000436100    0.0013350800
   0.0082723000    0.0003019900    0.0013561300
   0.0084630400    0.0000761800    0.0013640800
   0.0085595100    0.0001735100    0.0011324400
   0.0081242900    0.0003613000    0.0012564600
   0.0081044900    0.0000124300    0.0012284500
   0.0084765700   -0.0001630000    0.0012912600
   0.0086270100   -0.0000962900    0.0011835800
   0.0086299800    0.0007497700   -0.0001347300
   0.0084074200    0.0000481400    0.0012209900
   0.0084281300   -0.0000729600    0.0012724900
   0.0084084800   -0.0000038500    0.0013132800
   0.0083116600   -0.0000082700    0.0012766700
   0.0082513600    0.0000073500    0.0011857500
   0.0084240500    0.0000387100    0.0012873400
   0.0083841800    0.0000033600    0.0013007100
   0.0083424500   -0.0000014300    0.0012750700
   0.0083589800    0.0000401000    0.0012677200
   0.0083881500    0.0000254400    0.0013260100
   0.0083871600    0.0000104300    0.0012687600
   0.0083353300    0.0000424900    0.0012822400
   0.0083773100   -0.0000449400    0.0012914100
   0.0083815700   -0.0000076200    0.0012818400
   0.0084170300   -0.0000183900    0.0013413400
   0.0083337900   -0.0000460300    0.0013646600
  -0.0068593500    0.0003566400   -0.0018275100
  -0.0079111300   -0.0002812200   -0.0012695600
  -0.0079981100   -0.0003318000   -0.0012915900
  -0.0126006300   -0.0007422200   -0.0006444600
  -0.0088847200    0.0008579200   -0.0012633600
  -0.0074428400    0.0007369000   -0.0011722200
  -0.0082084800    0.0003008500   -0.0012774700
  -0.0089490500    0.0006653700   -0.0012728400
  -0.0090259900    0.0004918300   -0.0013239200
  -0.0081248600    0.0000299400   -0.0012602200
  -0.0073333200    0.0016644700   -0.0014455200
  -0.0083108200    0.0009513200   -0.0011476900
  -0.0083921100   -0.0009166700   -0.0009040500
  -0.0081034600   -0.0000467500   -0.0012630000
  -0.0075167900   -0.0007306200   -0.0012375800
  -0.0269312900   -0.0165970100    0.0023927100
  -0.0083935900   -0.0000141000   -0.0013400000
  -0.0083183000   -0.0000129900   -0.0013047000
  -0.0083659600   -0.0000148900   -0.0013039800
  -0.0084017500   -0.0000035800   -0.0013098100
  -0.0083866600    0.0000483200   -0.0013083900
  -0.0083358800    0.0000148000   -0.0012974100
  -0.0083644400    0.0000175500   -0.0013031000
  -0.0083813300    0.0000275100   -0.0013055400
  -0.0083903600   -0.0000020300   -0.0013210300
  -0.0083480700    0.0000033400   -0.0013017200
  -0.0083423200    0.0000241100   -0.0012907000
  -0.0084114600    0.0000258300   -0.0013259000
  -0.0083617500   -0.0000264700   -0.0013060900
  -0.0083419900   -0.0000110900   -0.0012933700
  -0.0083291900   -0.0000309500   -0.0013065600
  -0.0084346300   -0.0000172200   -0.0013940600
   0.0081858000   -0.0001549100   -0.0009506300
   0.0084960100    0.0000052200   -0.0013210300
   0.0083154700    0.0000122200   -0.0014477000
   0.0081670000   -0.0000357700   -0.0011609700
   0.0084316700    0.0001535500   -0.0012818200
   0.0084502000    0.0000871400   -0.0013686900
   0.0083193600    0.0000186500   -0.0013422600
   0.0083072100    0.0000796400   -0.0012111100
   0.0083694400    0.0000165800   -0.0013041800
   0.0084314000   -0.0000531900   -0.0013814200
   0.0084271700    0.0000539700   -0.0015120600
   0.0082406400    0.0001960700   -0.0013576500
   0.0083734700   -0.0001209200   -0.0011967700
   0.0084777900   -0.0000523500   -0.0013353800
   0.0084828300   -0.0001323100   -0.0017163900
   0.0082302700   -0.0002747700   -0.0014695500
   0.0086341000   -0.0000399500   -0.0019202000
   0.0085007200   -0.0000218300   -0.0012711000
   0.0083536600   -0.0000467900   -0.0012340100
   0.0082011400   -0.0000705100   -0.0014673300
   0.0084467600    0.0001900300   -0.0013715600
   0.0084616200    0.0000669100   -0.0012953100
   0.0083417000    0.0000455400   -0.0012686000
   0.0082823400    0.0001131800   -0.0013707500
   0.0084005300   -0.0000217900   -0.0012643300
   0.0084365100   -0.0000193800   -0.0012877700
   0.0084198900    0.0001830700   -0.0011326200
   0.0082721500    0.0001025300   -0.0012225300
   0.0084098100   -0.0000230300   -0.0013556100
   0.0084556800   -0.0000498400   -0.0013038000
   0.0084874000   -0.0001286100   -0.0010994000
   0.0079078900   -0.0000854800   -0.0009116600
   0.0319082100    0.0330193500   -0.0003065200
  -0.0015913500    0.0006874600    0.0028267500
  -0.0017115500    0.0001479000    0.0029436400
  -0.0016134500    0.0006842700    0.0029379000
  -0.0003956300   -0.0020400200    0.0027505700
  -0.0042664700   -0.0034091600    0.0043997100
  -0.0018825700    0.0000070500    0.0029530900
  -0.0013884200   -0.0004029100    0.0029951200
  -0.0013599100   -0.0001550500    0.0028590200
  -0.0015865400   -0.0005959800    0.0029640900
  -0.0019851400   -0.0003904900    0.0030361000
  -0.0015879000   -0.0005994600    0.0028532500
  -0.0003308600   -0.0021435900    0.0023922800
  -0.0020103500    0.0002534200    0.0030023900
  -0.0018119400   -0.0000700000    0.0029659400
  -0.0049065600   -0.0028073000    0.0025733900
  -0.0015641600    0.0000199300    0.0029883100
  -0.0016234500    0.0000133600    0.0029324400
  -0.0016476700    0.0000183800    0.0029588300
  -0.0016232000    0.0000136000    0.0029466800
  -0.0015785200   -0.0000194600    0.0029337300
  -0.0015941700   -0.0000079400    0.0029048100
  -0.0016341200   -0.0000029100    0.0029489400
  -0.0015989400   -0.0000134600    0.0029318300
  -0.0015828000   -0.0000285300    0.0029424200
  -0.0016143300   -0.0000194200    0.0029470500
  -0.0016481500   -0.0000209300    0.0029503400
  -0.0016142300   -0.0000194600    0.0029399700
  -0.0016006000    0.0000040500    0.0029508100
  -0.0016256100    0.0000145500    0.0029401900
  -0.0016424800    0.0000057500    0.0029502900
  -0.0016196500    0.0000200100    0.0030507400
   0.0017801600    0.0000987600    0.0021736500
   0.0014703500    0.0000936900    0.0027867100
   0.0015321500    0.0000705400    0.0029836900
   0.0016894200    0.0000733000    0.0029248100
   0.0014477900   -0.0000529400    0.0024991100
   0.0014383900   -0.0001355700    0.0028112100
   0.0015601700    0.0000089500    0.0030105600
   0.0017203600   -0.0000771100    0.0028149400
   0.0016484100   -0.0000844200    0.0028984900
   0.0015437100   -0.0000285400    0.0029392600
   0.0015191800   -0.0000636200    0.0030271300
   0.0016899900   -0.0001037700    0.0029689300
   0.0017044100   -0.0000065600    0.0030093900
   0.0015306700    0.0000643500    0.0028761300
   0.0015385000   -0.0000337100    0.0030004700
   0.0016840000    0.0000461000    0.0040096800
   0.0017773700    0.0001000100    0.0029322700
   0.0014701000    0.0000941100    0.0029153600
   0.0015322200    0.0000707100    0.0028927100
   0.0016892300    0.0000733400    0.0029739200
   0.0015532600   -0.0001645800    0.0031541900
   0.0013908200   -0.0000845600    0.0030358600
   0.0015703700   -0.0000012000    0.0029337000
   0.0016449100    0.0000014200    0.0029531400
   0.0016480200   -0.0000838100    0.0029375800
   0.0015437100   -0.0000282700    0.0028900200
   0.0015198300   -0.0000635900    0.0029829100
   0.0016902300   -0.0001040100    0.0029380200
   0.0015963300    0.0001076300    0.0028947000
   0.0015790100    0.0000133200    0.0029239200
   0.0015288600   -0.0000236600    0.0028455800
   0.0017607500   -0.0000351200    0.0026729200
  -0.0042142900   -0.0029023700    0.0006662700
  -0.0018885300    0.0001892300   -0.0029018800
  -0.0019403200    0.0001379900   -0.0030252300
  -0.0011398400    0.0003199000   -0.0028829500
  -0.0014664600   -0.0003975700   -0.0028583700
  -0.0024570400   -0.0009749200   -0.0027939000
  -0.0018280100   -0.0003203100   -0.0029658800
  -0.0014212800   -0.0003504700   -0.0028786100
  -0.0014304000   -0.0003394400   -0.0030521600
  -0.0019144700   -0.0002300900   -0.0029057000
  -0.0025424600   -0.0008961700   -0.0032194000
  -0.0014752900   -0.0003852500   -0.0030357300
  -0.0014652200    0.0006613300   -0.0027132300
  -0.0018866400    0.0000810200   -0.0029068700
  -0.0018363800    0.0001353000   -0.0030499400
  -0.0045660200   -0.0026226200   -0.0055457700
  -0.0015663900    0.0000071600   -0.0029966500
  -0.0016412600    0.0000115500   -0.0029297100
  -0.0016305400    0.0000229900   -0.0029026000
  -0.0015426800    0.0000320700   -0.0029144800
  -0.0015837800   -0.0000387300   -0.0029424200
  -0.0016494700   -0.0000463800   -0.0029333300
  -0.0016228000   -0.0000186500   -0.0029121700
  -0.0015780600   -0.0000327600   -0.0029330300
  -0.0015808500   -0.0000297200   -0.0028945800
  -0.0016351000   -0.0000055800   -0.0029232700
  -0.0016615000   -0.0000337400   -0.0029078000
  -0.0015867300   -0.0000354700   -0.0028719400
  -0.0015562200    0.0000462300   -0.0029173300
  -0.0016479600    0.0000411200   -0.0029437500
  -0.0016587600    0.0000300500   -0.0028962100
  -0.0015796300    0.0000215000   -0.0027859600
   0.0006177600   -0.0003762200   -0.0039934200
   0.0013588100   -0.0000383000   -0.0028972000
   0.0012825300    0.0001440900   -0.0025955600
   0.0018631200   -0.0004497500   -0.0037920200
   0.0016251200   -0.0000896100   -0.0029065900
   0.0011949200   -0.0001793400   -0.0028784800
   0.0015563500   -0.0002049700   -0.0029089400
   0.0019007100   -0.0003167700   -0.0030570200
   0.0016478000   -0.0000645600   -0.0028739200
   0.0013730500    0.0000071800   -0.0028167200
   0.0012576400   -0.0005125400   -0.0027538200
   0.0018873400   -0.0003353800   -0.0029547000
   0.0012713500    0.0003198600   -0.0030872000
   0.0014375200    0.0000459400   -0.0028759300
   0.0014170600    0.0002834100   -0.0023581700
   0.0019240000   -0.0003819400   -0.0018501000
   0.0015564800   -0.0000520500   -0.0025531400
   0.0015672600    0.0000277300   -0.0029141800
   0.0016159500   -0.0000015600   -0.0029459700
   0.0016518900    0.0000473900   -0.0028709000
   0.0015444600   -0.0000498400   -0.0028715700
   0.0015923400   -0.0000155300   -0.0029366000
   0.0016223700   -0.0000080500   -0.0029342600
   0.0016389200   -0.0000461600   -0.0028970600
   0.0015850200   -0.0000062100   -0.0029264200
   0.0015855400   -0.0000226600   -0.0029028100
   0.0015971100   -0.0000341200   -0.0030590200
   0.0016597000   -0.0000244400   -0.0029566100
   0.0016120800    0.0000084200   -0.0029404800
   0.0015626200    0.0000229200   -0.0028918200
   0.0016207800    0.0000035700   -0.0029727400
   0.0015988600   -0.0000087200   -0.0026847700

129  
  0.0000000000000000   0.0000000000000000   0.0100000000000000
  -0.0076358300    0.0000000000    0.0313008900
  -0.0080237500    0.0000000000    0.0014830100
  -0.0083511300    0.0000000000    0.0014062000
  -0.0089071200    0.0000000000    0.0015187800
  -0.0084975800    0.0005220900    0.0017190900
  -0.0079395900    0.0002782800    0.0014351100
  -0.0083576300   -0.0000099200    0.0014754800
  -0.0088611000    0.0006894400    0.0019161100
  -0.0083591600    0.0000000000    0.0014686100
  -0.0083858900    0.0000000000    0.0014970300
  -0.0083278000    0.0000000000    0.0014988300
  -0.0084079500    0.0000000000    0.0015668200
  -0.0084975800   -0.0005220900    0.0017190900
  -0.0079395900   -0.0002782800    0.0014351100
  -0.0083576300    0.0000099200    0.0014754800
  -0.0088611000   -0.0006894400    0.0019161100
  -0.0081762200    0.0000000000    0.0004339600
  -0.0084698100    0.0000000000    0.0010762400
  -0.0083591600    0.0000000000    0.0011749000
  -0.0083496300    0.0000000000    0.0011150500
  -0.0083875600   -0.0000992700    0.0010605000
  -0.0084229700   -0.0000376500    0.0010644400
  -0.0083732900   -0.0000101200    0.0011528900
  -0.0082782700   -0.0000661900    0.0010320800
  -0.0083672100    0.0000000000    0.0011736100
  -0.0084076300    0.0000000000    0.0011521300
  -0.0083689500    0.0000000000    0.0011644600
  -0.0083470100    0.0000000000    0.0011675900
  -0.0083875600    0.0000992700    0.0010605000
  -0.0084229700    0.0000376500    0.0010644400
  -0.0083732900    0.0000101200    0.0011528900
  -0.0082782700    0.0000661900    0.0010320800
   0.0073280300    0.0000000000    0.0003150800
   0.0082053900    0.0000000000    0.0013626900
   0.0085079300    0.0000000000    0.0013471100
   0.0086582100    0.0000000000    0.0015267400
   0.0080010800   -0.0003506900    0.0015459400
   0.0083033000   -0.0002757400    0.0014405600
   0.0085295100    0.0000078900    0.0012715300
   0.0086895400   -0.0006018700    0.0008241200
   0.0083293500    0.0000000000    0.0013381500
   0.0084493100    0.0000000000    0.0013194700
   0.0084319900    0.0000000000    0.0012567000
   0.0082679300    0.0000000000    0.0013121900
   0.0080010800    0.0003506900    0.0015459400
   0.0083033000    0.0002757400    0.0014405600
   0.0085295100   -0.0000078900    0.0012715300
   0.0086895400    0.0006018700    0.0008241200
   0.0080757600    0.0000000000    0.0000674600
   0.0085394600    0.0000000000    0.0011622000
   0.0083770700    0.0000000000    0.0012104500
   0.0082043500    0.0000000000    0.0009273200
   0.0084264500    0.0001791500    0.0011175300
   0.0084445500    0.0001032800    0.0012467000
   0.0083747700   -0.0000433900    0.0011695600
   0.0083222500   -0.0000188500    0.0009024400
   0.0083957900    0.0000000000    0.0012078200
   0.0083878200    0.0000000000    0.0012033200
   0.0083147400    0.0000000000    0.0011343100
   0.0084377600    0.0000000000    0.0011737000
   0.0084264500   -0.0001791500    0.0011175300
   0.0084445500   -0.0001032800    0.0012467000
   0.0083747700    0.0000433900    0.0011695600
   0.0083222500    0.0000188500    0.0009024400
  -0.0084142900   -0.0000059400   -0.0014782900
  -0.0083537500    0.0000310100   -0.0011019800
  -0.0080598600    0.0001485200   -0.0011103200
  -0.0099001200    0.0008045000    0.0017426400
  -0.0084599600   -0.0001262300   -0.0011132600
  -0.0084430500   -0.0000569000   -0.0010164100
  -0.0079982600   -0.0005374700   -0.0011149500
  -0.0084198300   -0.0001911200   -0.0010678200
  -0.0084599600    0.0001262300   -0.0011132600
  -0.0084430500    0.0000569000   -0.0010164100
  -0.0079982600    0.0005374700   -0.0011149500
  -0.0084198300    0.0001911200   -0.0010678200
  -0.0084142900    0.0000059400   -0.0014782900
  -0.0083537500   -0.0000310100   -0.0011019800
  -0.0080598600   -0.0001485200   -0.0011103200
  -0.0099001200   -0.0008045000    0.0017426400
  -0.0083441300    0.0000967700   -0.0017016600
  -0.0083222600   -0.0000075200   -0.0014440100
  -0.0083676500    0.0000087200   -0.0014313100
  -0.0083960600   -0.0000806300   -0.0016300500
  -0.0083754500    0.0000455200   -0.0014570900
  -0.0083257700    0.0000385900   -0.0014447700
  -0.0083909500    0.0000141700   -0.0014501500
  -0.0083795600    0.0000263400   -0.0014545200
  -0.0083754500   -0.0000455200   -0.0014570900
  -0.0083257700   -0.0000385900   -0.0014447700
  -0.0083909500   -0.0000141700   -0.0014501500
  -0.0083795600   -0.0000263400   -0.0014545200
  -0.0083441300   -0.0000967700   -0.0017016600
  -0.0083222600    0.0000075200   -0.0014440100
  -0.0083676500   -0.0000087200   -0.0014313100
  -0.0083960600    0.0000806300   -0.0016300500
   0.0080282100   -0.0003129300   -0.0014763700
   0.0083603800    0.0000229800   -0.0013963300
   0.0084421400    0.0000729300   -0.0016239600
   0.0087608000   -0.0000991100   -0.0022666300
   0.0083363200   -0.0000800800   -0.0013576700
   0.0083735400   -0.0000223100   -0.0014739800
   0.0083777400   -0.0000108600   -0.0013888100
   0.0083068800   -0.0001512300   -0.0013594500
   0.0083363200    0.0000800800   -0.0013576700
   0.0083735400    0.0000223100   -0.0014739800
   0.0083777400    0.0000108600   -0.0013888100
   0.0083068800    0.0001512300   -0.0013594500
   0.0080282100    0.0003129300   -0.0014763700
   0.0083603800   -0.0000229800   -0.0013963300
   0.0084421400   -0.0000729300   -0.0016239600
   0.0087608000    0.0000991100   -0.0022666300
   0.0089746900    0.0006799700   -0.0012840100
   0.0084241200    0.0000218600   -0.0012391900
   0.0081767800   -0.0000692400   -0.0012817200
   0.0074835400    0.0013737900   -0.0024245700
   0.0085462100    0.0001801500   -0.0012230300
   0.0083412500   -0.0000060200   -0.0012525600
   0.0080876700    0.0001675200   -0.0013041100
   0.0085567800    0.0002154900   -0.0012421100
   0.0085462100   -0.0001801500   -0.0012230300
   0.0083412500    0.0000060200   -0.0012525600
   0.0080876700   -0.0001675200   -0.0013041100
   0.0085567800   -0.0002154900   -0.0012421100
   0.0089746900   -0.0006799700   -0.0012840100
   0.0084241200   -0.0000218600   -0.0012391900
   0.0081767800    0.0000692400   -0.0012817200
   0.0074835400   -0.0013737900   -0.0024245700
   0.0025841300    0.0000000000   -0.0460515200
  -0.0016178500    0.0000000000    0.0028561500
  -0.0016295000    0.0000000000    0.0027965400
  -0.0014673400    0.0000000000    0.0028562600
  -0.0011183900    0.0002569300    0.0024717100
  -0.0014085300    0.0003037600    0.0028022600
  -0.0016510900   -0.0000082600    0.0027685900
  -0.0026690900    0.0010149400    0.0028024400
  -0.0015135100    0.0000000000    0.0027476100
  -0.0015049900    0.0000000000    0.0027224200
  -0.0017561800    0.0000000000    0.0026783800
  -0.0016578200    0.0000000000    0.0027228500
  -0.0011183900   -0.0002569300    0.0024717100
  -0.0014085300   -0.0003037600    0.0028022600
  -0.0016510900    0.0000082600    0.0027685900
  -0.0026690900   -0.0010149400    0.0028024400
  -0.0016873700    0.0000000000    0.0042426100
  -0.0016326100    0.0000000000    0.0030764800
  -0.0016497200    0.0000000000    0.0030499800
  -0.0016134000    0.0000000000    0.0030763500
  -0.0016265900   -0.0000119200    0.0030774000
  -0.0016937500   -0.0000853800    0.0031757700
  -0.0016369000   -0.0000007700    0.0030606000
  -0.0015995500   -0.0000250100    0.0031760700
  -0.0016272100    0.0000000000    0.0030548700
  -0.0016235400    0.0000000000    0.0030725000
  -0.0016380100    0.0000000000    0.0030761800
  -0.0016334200    0.0000000000    0.0030723400
  -0.0016265900    0.0000119200    0.0030774000
  -0.0016937500    0.0000853800    0.0031757700
  -0.0016369000    0.0000007700    0.0030606000
  -0.0015995500    0.0000250100    0.0031760700
   0.0016023300    0.0000000000    0.0059378000
   0.0015902100    0.0000000000    0.0029315600
   0.0015588800    0.0000000000    0.0029603800
   0.0016709800    0.0000000000    0.0029743200
   0.0017414700    0.0001904500    0.0030094600
   0.0016795400    0.0000820700    0.0029819900
   0.0015546100    0.0000637000    0.0030031800
   0.0014462300    0.0002029600    0.0033616600
   0.0016206200    0.0000000000    0.0029392600
   0.0015562900    0.0000000000    0.0029743100
   0.0016829500    0.0000000000    0.0030091500
   0.0016204700    0.0000000000    0.0029428500
   0.0017414700   -0.0001904500    0.0030094600
   0.0016795400   -0.0000820700    0.0029819900
   0.0015546100   -0.0000637000    0.0030031800
   0.0014462300   -0.0002029600    0.0033616600
   0.0005729600    0.0000000000    0.0058968500
   0.0014107900    0.0000000000    0.0029325800
   0.0016842100    0.0000000000    0.0029618700
   0.0016015400    0.0000000000    0.0029675900
   0.0013665000   -0.0003718800    0.0030132600
   0.0014912100   -0.0000479200    0.0029829500
   0.0017135900    0.0000073700    0.0030044000
   0.0022709200   -0.0008601500    0.0033669200
   0.0015664100    0.0000000000    0.0029403000
   0.0016220700    0.0000000000    0.0029751600
   0.0017431300    0.0000000000    0.0030110600
   0.0016639900    0.0000000000    0.0029445600
   0.0013665000    0.0003718800    0.0030132600
   0.0014912100    0.0000479200    0.0029829500
   0.0017135900   -0.0000073700    0.0030044000
   0.0022709200    0.0008601500    0.0033669200
  -0.0033746900   -0.0019202400   -0.0022555200
  -0.0017580900   -0.0000182600   -0.0030903000
  -0.0015728200   -0.0000040700   -0.0030897800
   0.0010218200   -0.0024695600   -0.0022563600
  -0.0016471200   -0.0001146600   -0.0031158500
  -0.0018324800   -0.0001820200   -0.0032067000
  -0.0014971000   -0.0000828400   -0.0032057000
  -0.0016434100   -0.0001407800   -0.0031151500
  -0.0016471200    0.0001146600   -0.0031158500
  -0.0018324800    0.0001820200   -0.0032067000
  -0.0014971000    0.0000828400   -0.0032057000
  -0.0016434100    0.0001407800   -0.0031151500
  -0.0033746900    0.0019202400   -0.0022555200
  -0.0017580900    0.0000182600   -0.0030903000
  -0.0015728200    0.0000040700   -0.0030897800
   0.0010218200    0.0024695600   -0.0022563600
  -0.0015006500    0.0000929100   -0.0026256800
  -0.0015678600    0.0000049400   -0.0027876600
  -0.0016200100   -0.0000102000   -0.0027878900
  -0.0016490400    0.0000585700   -0.0026267900
  -0.0015721900    0.0000448300   -0.0027698300
  -0.0015824900    0.0000034300   -0.0027539500
  -0.0016081200    0.0000073200   -0.0027541300
  -0.0015950900    0.0000349400   -0.0027700700
  -0.0015721900   -0.0000448300   -0.0027698300
  -0.0015824900   -0.0000034300   -0.0027539500
  -0.0016081200   -0.0000073200   -0.0027541300
  -0.0015950900   -0.0000349400   -0.0027700700
  -0.0015006500   -0.0000929100   -0.0026256800
  -0.0015678600   -0.0000049400   -0.0027876600
  -0.0016200100    0.0000102000   -0.0027878900
  -0.0016490400   -0.0000585700   -0.0026267900
   0.0024529400    0.0006645800   -0.0028620100
   0.0015514300    0.0000159000   -0.0028869600
   0.0009846200    0.0001746100   -0.0024039000
   0.0014637200    0.0014157500    0.0000400000
   0.0015563000    0.0000241200   -0.0028814200
   0.0014985200    0.0000465700   -0.0027877000
   0.0014763300    0.0001094000   -0.0029259100
   0.0017150900    0.0000749900   -0.0029910200
   0.0015563000   -0.0000241200   -0.0028814200
   0.0014985200   -0.0000465700   -0.0027877000
   0.0014763300   -0.0001094000   -0.0029259100
   0.0017150900   -0.0000749900   -0.0029910200
   0.0024529400   -0.0006645800   -0.0028620100
   0.0015514300   -0.0000159000   -0.0028869600
   0.0009846200   -0.0001746100   -0.0024039000
   0.0014637200   -0.0014157500    0.0000400000
   0.0013589100   -0.0002828500   -0.0026523700
   0.0015726700    0.0000159300   -0.0028908000
   0.0016497200   -0.0000183900   -0.0028547900
   0.0014056400    0.0001323000   -0.0020372600
   0.0015672700   -0.0000401100   -0.0028915200
   0.0015955700    0.0000240800   -0.0028768600
   0.0017018600   -0.0000892600   -0.0027568100
   0.0016058800   -0.0000428000   -0.0028998100
   0.0015672700    0.0000401100   -0.0028915200
   0.0015955700   -0.0000240800   -0.0028768600
   0.0017018600    0.0000892600   -0.0027568100
   0.0016058800    0.0000428000   -0.0028998100
   0.0013589100    0.0002828500   -0.0026523700
   0.0015726700   -0.0000159300   -0.0028908000
   0.0016497200    0.0000183900   -0.0028547900
   0.0014056400   -0.0001323000   -0.0020372600

129  
  0.0000000000000000   0.0000000000000000  -0.0100000000000000
  -0.0089304900   -0.0000000000   -0.0302822200
  -0.0087169000   -0.0000000000    0.0011031800
  -0.0083918500   -0.0000000000    0.0011797800
  -0.0078413000   -0.0000000000    0.0010617800
  -0.0082460200   -0.0005167700    0.0008614100
  -0.0088069000   -0.0002816200    0.0011515200
  -0.0083859400    0.0000109800    0.0011101500
  -0.0078807000   -0.0006914400    0.0006637600
  -0.0083833300   -0.0000000000    0.0011164400
  -0.0083551300   -0.0000000000    0.0010884900
  -0.0084168000   -0.0000000000    0.0010857300
  -0.0083357900   -0.0000000000    0.0010168400
  -0.0082460200    0.0005167700    0.0008614100
  -0.0088069000    0.0002816200    0.0011515200
  -0.0083859400   -0.0000109800    0.0011101500
  -0.0078807000    0.0006914400    0.0006637600
  -0.0085654100   -0.0000000000    0.0021442500
  -0.0082765000   -0.0000000000    0.0015110700
  -0.0083836200   -0.0000000000    0.0014128500
  -0.0083905400   -0.0000000000    0.0014717300
  -0.0083549900    0.0000961700    0.0015267700
  -0.0083211900    0.0000364900    0.0015228300
  -0.0083696400    0.0000100700    0.0014349900
  -0.0084626500    0.0000639500    0.0015562900
  -0.0083747900   -0.0000000000    0.0014139600
  -0.0083355600   -0.0000000000    0.0014351200
  -0.0083741900   -0.0000000000    0.0014237400
  -0.0083950600   -0.0000000000    0.0014205700
  -0.0083549900   -0.0000961700    0.0015267700
  -0.0083211900   -0.0000364900    0.0015228300
  -0.0083696400   -0.0000100700    0.0014349900
  -0.0084626500   -0.0000639500    0.0015562900
   0.0094414800   -0.0000000000    0.0023255100
   0.0085280200   -0.0000000000    0.0012254500
   0.0082248900   -0.0000000000    0.0012415500
   0.0080856000   -0.0000000000    0.0010771400
   0.0087305800    0.0003501400    0.0010472100
   0.0084292100    0.0002737100    0.0011473300
   0.0082040400   -0.0000103900    0.0013179800
   0.0080446400    0.0006046500    0.0017736300
   0.0084051000   -0.0000000000    0.0012498900
   0.0082837000   -0.0000000000    0.0012684400
   0.0082987800   -0.0000000000    0.0013338000
   0.0084690200   -0.0000000000    0.0012770700
   0.0087305800   -0.0003501400    0.0010472100
   0.0084292100   -0.0002737100    0.0011473300
   0.0082040400    0.0000103900    0.0013179800
   0.0080446400   -0.0006046500    0.0017736300
   0.0086605200   -0.0000000000    0.0025252900
   0.0081932700   -0.0000000000    0.0014240800
   0.0083574200   -0.0000000000    0.0013759900
   0.0085342900   -0.0000000000    0.0016641600
   0.0083048900   -0.0001830200    0.0014682100
   0.0082890500   -0.0001041300    0.0013395700
   0.0083596300    0.0000439100    0.0014173100
   0.0084128700    0.0000171700    0.0016842700
   0.0083382900   -0.0000000000    0.0013788100
   0.0083465900   -0.0000000000    0.0013834200
   0.0084200900   -0.0000000000    0.0014535300
   0.0082957600   -0.0000000000    0.0014129600
   0.0083048900    0.0001830200    0.0014682100
   0.0082890500    0.0001041300    0.0013395700
   0.0083596300   -0.0000439100    0.0014173100
   0.0084128700   -0.0000171700    0.0016842700
  -0.0083346400   -0.0000114400   -0.0011112900
  -0.0083807500   -0.0000318900   -0.0014845300
  -0.0086808400   -0.0001497600   -0.0014764200
  -0.0068049500   -0.0008082000   -0.0043698900
  -0.0082734100    0.0001289900   -0.0014731300
  -0.0082901600    0.0000576500   -0.0015709100
  -0.0087431100    0.0005461900   -0.0014730200
  -0.0083145100    0.0001954300   -0.0015208000
  -0.0082734100   -0.0001289900   -0.0014731300
  -0.0082901600   -0.0000576500   -0.0015709100
  -0.0087431100   -0.0005461900   -0.0014730200
  -0.0083145100   -0.0001954300   -0.0015208000
  -0.0083346400    0.0000114400   -0.0011112900
  -0.0083807500    0.0000318900   -0.0014845300
  -0.0086808400    0.0001497600   -0.0014764200
  -0.0068049500    0.0008082000   -0.0043698900
  -0.0083945900   -0.0000997200   -0.0008860900
  -0.0084125700    0.0000076600   -0.0011431800
  -0.0083657000   -0.0000089100   -0.0011556800
  -0.0083354400    0.0000780200   -0.0009556900
  -0.0083586700   -0.0000461100   -0.0011299100
  -0.0084091500   -0.0000390000   -0.0011417800
  -0.0083430500   -0.0000143800   -0.0011361700
  -0.0083541400   -0.0000270900   -0.0011323700
  -0.0083586700    0.0000461100   -0.0011299100
  -0.0084091500    0.0000390000   -0.0011417800
  -0.0083430500    0.0000143800   -0.0011361700
  -0.0083541400    0.0000270900   -0.0011323700
  -0.0083945900    0.0000997200   -0.0008860900
  -0.0084125700   -0.0000076600   -0.0011431800
  -0.0083657000    0.0000089100   -0.0011556800
  -0.0083354400   -0.0000780200   -0.0009556900
   0.0087067900    0.0003057900   -0.0011075100
   0.0083817600   -0.0000230000   -0.0011896800
   0.0083013600   -0.0000737900   -0.0009599900
   0.0079879700    0.0000967000   -0.0003282200
   0.0084054700    0.0000789000   -0.0012278100
   0.0083683300    0.0000218900   -0.0011109100
   0.0083653600    0.0000097400   -0.0011943200
   0.0084362500    0.0001505200   -0.0012262200
   0.0084054700   -0.0000789000   -0.0012278100
   0.0083683300   -0.0000218900   -0.0011109100
   0.0083653600   -0.0000097400   -0.0011943200
   0.0084362500   -0.0001505200   -0.0012262200
   0.0087067900   -0.0003057900   -0.0011075100
   0.0083817600    0.0000230000   -0.0011896800
   0.0083013600    0.0000737900   -0.0009599900
   0.0079879700   -0.0000967000   -0.0003282200
   0.0077690000   -0.0006843000   -0.0013109000
   0.0083184800   -0.0000209000   -0.0013488100
   0.0085668700    0.0000694600   -0.0013077900
   0.0092774400   -0.0014044600   -0.0001426700
   0.0081964800   -0.0001805200   -0.0013646500
   0.0084019700    0.0000066900   -0.0013352600
   0.0086564200   -0.0001685700   -0.0012834200
   0.0081852800   -0.0002160400   -0.0013465800
   0.0081964800    0.0001805200   -0.0013646500
   0.0084019700   -0.0000066900   -0.0013352600
   0.0086564200    0.0001685700   -0.0012834200
   0.0081852800    0.0002160400   -0.0013465800
   0.0077690000    0.0006843000   -0.0013109000
   0.0083184800    0.0000209000   -0.0013488100
   0.0085668700   -0.0000694600   -0.0013077900
   0.0092774400    0.0014044600   -0.0001426700
  -0.0060534400   -0.0000000000    0.0533866800
  -0.0016025300   -0.0000000000    0.0030022900
  -0.0015928400   -0.0000000000    0.0030656900
  -0.0017499700   -0.0000000000    0.0030024800
  -0.0021094200   -0.0002653200    0.0033901100
  -0.0018205200   -0.0003126100    0.0030583600
  -0.0015699200    0.0000088900    0.0030933900
  -0.0005316800   -0.0010347900    0.0030584500
  -0.0017109300   -0.0000000000    0.0031154900
  -0.0017192600   -0.0000000000    0.0031399800
  -0.0014635400   -0.0000000000    0.0031846000
  -0.0015629400   -0.0000000000    0.0031404800
  -0.0021094200    0.0002653200    0.0033901100
  -0.0018205200    0.0003126100    0.0030583600
  -0.0015699200   -0.0000088900    0.0030933900
  -0.0005316800    0.0010347900    0.0030584500
  -0.0015351400   -0.0000000000    0.0016200400
  -0.0015895100   -0.0000000000    0.0027847600
  -0.0015728400   -0.0000000000    0.0028109900
  -0.0016096600   -0.0000000000    0.0027846800
  -0.0015959600    0.0000125900    0.0027837100
  -0.0015273500    0.0000871100    0.0026851800
  -0.0015856100    0.0000010400    0.0028002400
  -0.0016239000    0.0000262800    0.0026854000
  -0.0015955300   -0.0000000000    0.0028059900
  -0.0015988700   -0.0000000000    0.0027885600
  -0.0015844300   -0.0000000000    0.0027843100
  -0.0015892300   -0.0000000000    0.0027883800
  -0.0015959600   -0.0000125900    0.0027837100
  -0.0015273500   -0.0000871100    0.0026851800
  -0.0015856100   -0.0000010400    0.0028002400
  -0.0016239000   -0.0000262800    0.0026854000
   0.0016219700   -0.0000000000   -0.0000236100
   0.0016329400   -0.0000000000    0.0029290100
   0.0016641000   -0.0000000000    0.0028997600
   0.0015550000   -0.0000000000    0.0028935300
   0.0014830800   -0.0001885500    0.0028495100
   0.0015439700   -0.0000816500    0.0028782100
   0.0016684400   -0.0000630100    0.0028567100
   0.0017725900   -0.0001996600    0.0024933300
   0.0016019100   -0.0000000000    0.0029213800
   0.0016683000   -0.0000000000    0.0028864700
   0.0015395900   -0.0000000000    0.0028482600
   0.0016011200   -0.0000000000    0.0029169900
   0.0014830800    0.0001885500    0.0028495100
   0.0015439700    0.0000816500    0.0028782100
   0.0016684400    0.0000630100    0.0028567100
   0.0017725900    0.0001996600    0.0024933300
   0.0026509800   -0.0000000000   -0.0000644200
   0.0018096900   -0.0000000000    0.0029301100
   0.0015388400   -0.0000000000    0.0029013000
   0.0016206400   -0.0000000000    0.0028867700
   0.0018564400    0.0003717000    0.0028534000
   0.0017320600    0.0000479200    0.0028791600
   0.0015087500   -0.0000075700    0.0028578900
   0.0009430900    0.0008661900    0.0024986800
   0.0016565200   -0.0000000000    0.0029225200
   0.0016005900   -0.0000000000    0.0028874200
   0.0014782600   -0.0000000000    0.0028502600
   0.0015592900   -0.0000000000    0.0029187500
   0.0018564400   -0.0003717000    0.0028534000
   0.0017320600   -0.0000479200    0.0028791600
   0.0015087500    0.0000075700    0.0028578900
   0.0009430900   -0.0008661900    0.0024986800
   0.0001560100    0.0019241700   -0.0036019700
  -0.0014647400    0.0000178500   -0.0027708200
  -0.0016482000    0.0000036300   -0.0027703500
  -0.0042631900    0.0024859600   -0.0036025200
  -0.0015757800    0.0001147900   -0.0027451100
  -0.0013865700    0.0001848500   -0.0026548800
  -0.0017249300    0.0000827100   -0.0026539100
  -0.0015791500    0.0001406500   -0.0027444400
  -0.0015757800   -0.0001147900   -0.0027451100
  -0.0013865700   -0.0001848500   -0.0026548800
  -0.0017249300   -0.0000827100   -0.0026539100
  -0.0015791500   -0.0001406500   -0.0027444400
   0.0001560100   -0.0019241700   -0.0036019700
  -0.0014647400   -0.0000178500   -0.0027708200
  -0.0016482000   -0.0000036300   -0.0027703500
  -0.0042631900   -0.0024859600   -0.0036025200
  -0.0017207200   -0.0000912500   -0.0032336400
  -0.0016539700   -0.0000042600   -0.0030746100
  -0.0016033500    0.0000103400   -0.0030748800
  -0.0015757500   -0.0000571600   -0.0032347400
  -0.0016503100   -0.0000437600   -0.0030921700
  -0.0016398800   -0.0000031200   -0.0031084600
  -0.0016147500   -0.0000072700   -0.0031086400
  -0.0016284500   -0.0000342800   -0.0030924000
  -0.0016503100    0.0000437600   -0.0030921700
  -0.0016398800    0.0000031200   -0.0031084600
  -0.0016147500    0.0000072700   -0.0031086400
  -0.0016284500    0.0000342800   -0.0030924000
  -0.0017207200    0.0000912500   -0.0032336400
  -0.0016539700    0.0000042600   -0.0030746100
  -0.0016033500   -0.0000103400   -0.0030748800
  -0.0015757500    0.0000571600   -0.0032347400
   0.0007698800   -0.0006617700   -0.0030093400
   0.0016725800   -0.0000154200   -0.0029760800
   0.0022336000   -0.0001680600   -0.0034608200
   0.0017587100   -0.0013944500   -0.0058501300
   0.0016673200   -0.0000231900   -0.0029811000
   0.0017260900   -0.0000448200   -0.0030762200
   0.0017503700   -0.0001126700   -0.0029391100
   0.0015065500   -0.0000751300   -0.0028717100
   0.0016673200    0.0000231900   -0.0029811000
   0.0017260900    0.0000448200   -0.0030762200
   0.0017503700    0.0001126700   -0.0029391100
   0.0015065500    0.0000751300   -0.0028717100
   0.0007698800    0.0006617700   -0.0030093400
   0.0016725800    0.0000154200   -0.0029760800
   0.0022336000    0.0001680600   -0.0034608200
   0.0017587100    0.0013944500   -0.0058501300
   0.0018666900    0.0002846300   -0.0032059400
   0.0016497000   -0.0000163200   -0.0029697200
   0.0015711600    0.0000197200   -0.0030066400
   0.0018194700   -0.0001344500   -0.0038359700
   0.0016553400    0.0000404400   -0.0029688900
   0.0016268900   -0.0000237200   -0.0029840600
   0.0015198900    0.0000898500   -0.0031047000
   0.0016166600    0.0000434600   -0.0029605500
   0.0016553400   -0.0000404400   -0.0029688900
   0.0016268900    0.0000237200   -0.0029840600
   0.0015198900   -0.0000898500   -0.0031047000
   0.0016166600   -0.0000434600   -0.0029605500
   0.0018666900   -0.0002846300   -0.0032059400
   0.0016497000    0.0000163200   -0.0029697200
   0.0015711600   -0.0000197200   -0.0030066400
   0.0018194700    0.0001344500   -0.0038359700
